#   12.010   0.448   2.647 ;Mean Elev.(m), Avg Gradient(m/km), RMS Gradient(m/km) - SRTM1     
#    0.000   0.000   0.000 ;Mean Elev.(m), Avg Gradient(m/km), RMS Gradient(m/km) - ASTER GDEM
#   12.000   0.475   2.711 ;Mean Elev.(m), Avg Gradient(m/km), RMS Gradient(m/km) - GMTED2010 
   1    13.011 54663.61091629 47.17 268.482614  30.870644   -100 -100.00 -100.00 -100.00
   1    12.930 54663.61091688 43.65 268.483897  30.873049   -100 -100.00 -100.00 -100.00
   1    12.979 54663.61091747 45.29 268.485180  30.875454   -100 -100.00 -100.00 -100.00
   2    11.876 54673.52656196 35.19 268.482337  30.875083 17.391 -100.00 -100.00 -100.00
   2    11.796 54673.52656255 34.59 268.483620  30.877488 18.167 -100.00 -100.00 -100.00
   2    11.149 54673.52656314 36.25 268.484903  30.879894 26.368 -100.00 -100.00 -100.00
   3    12.071 54683.44220508 33.63 268.480530  30.875368   -100 -100.00 -100.00 -100.00
   3    11.761 54683.44220567 32.71 268.481812  30.877773   -100 -100.00 -100.00 -100.00
   3    11.691 54683.44220626 28.70 268.483095  30.880179 21.292 -100.00 -100.00 -100.00
   3    11.592 54683.44220685 27.91 268.484378  30.882584 22.088 -100.00 -100.00 -100.00
   4    12.051 54693.35784706 31.72 268.481735  30.875502 18.001 -100.00 -100.00 -100.00
   4    11.920 54693.35784765 29.07 268.483018  30.877907 13.885 -100.00 -100.00 -100.00
   4    11.673 54693.35784824 30.78 268.484300  30.880312 19.055 -100.00 -100.00 -100.00
   5    12.129 54703.27348505 29.96 268.482137  30.868506 14.047 -100.00 -100.00 -100.00
   5    11.984 54703.27348564 30.06 268.483420  30.870912 15.318 -100.00 -100.00 -100.00
   5    11.939 54703.27348623 31.57 268.484702  30.873317 21.062 -100.00 -100.00 -100.00
   5    12.393 54703.27348682 29.22 268.485985  30.875722 12.365 -100.00 -100.00 -100.00
   6    12.610 54713.18913313 31.19 268.480453  30.863120 16.000 -100.00 -100.00 -100.00
   6    12.368 54713.18913372 31.13 268.481735  30.865525 15.324 -100.00 -100.00 -100.00
   6    12.449 54713.18913431 30.61 268.483017  30.867931 16.372 -100.00 -100.00 -100.00
   6    12.201 54713.18913490 30.96 268.484300  30.870336 19.136 -100.00 -100.00 -100.00
   6    12.149 54713.18913549 32.16 268.485582  30.872741 22.264 -100.00 -100.00 -100.00
   7    12.410 54723.10478518 29.25 268.482568  30.869280 18.544 -100.00 -100.00 -100.00
   7    12.064 54723.10478577 32.18 268.483850  30.871685 30.073 -100.00 -100.00 -100.00
   7    11.959 54723.10478636 30.46 268.485133  30.874090 24.081 -100.00 -100.00 -100.00
   8    11.550 54733.02043472 37.60 268.481703  30.875019 30.059 -100.00 -100.00 -100.00
   8    11.335 54733.02043531 36.93 268.482986  30.877424 29.225 -100.00 -100.00 -100.00
   8     9.059 54733.02043590 37.92 268.484269  30.879829   -100 -100.00 -100.00 -100.00
   9    11.524 54742.93608279 33.22 268.479973  30.880223 20.970 -100.00 -100.00 -100.00
   9     9.401 54742.93608338 35.01 268.481255  30.882628 28.773 -100.00 -100.00 -100.00
   9     9.477 54742.93608397 31.70 268.482538  30.885034 21.970 -100.00 -100.00 -100.00
  10     9.326 54752.85173044 28.23 268.479656  30.883355 19.898 -100.00 -100.00 -100.00
  10     6.646 54752.85173103 29.28 268.480940  30.885760 26.407 -100.00 -100.00 -100.00
  10     6.517 54752.85173162 29.79 268.482223  30.888166 27.974 -100.00 -100.00 -100.00
  11     5.008 54762.76737680 34.14 268.479558  30.881648   -100 -100.00 -100.00 -100.00
  11     4.885 54762.76737739 31.44 268.480841  30.884054   -100 -100.00 -100.00 -100.00
  11     5.245 54762.76737798 31.65 268.482125  30.886459   -100 -100.00 -100.00 -100.00
  11     5.252 54762.76737857 34.89 268.483408  30.888864   -100 -100.00 -100.00 -100.00
  12     4.933 54772.68302025 38.57 268.480091  30.877826 23.485 -100.00 -100.00 -100.00
  12     4.566 54772.68302084 38.60 268.481374  30.880231   -100 -100.00 -100.00 -100.00
  12     4.419 54772.68302143 44.32 268.482657  30.882637 11.662 -100.00 -100.00 -100.00
  12     4.476 54772.68302202 39.59 268.483941  30.885042   -100 -100.00 -100.00 -100.00
  13    11.509 54782.59866127 21.52 268.481350  30.876416 10.557 -100.00 -100.00 -100.00
  13    11.117 54782.59866186 19.51 268.482633  30.878822  7.392 -100.00 -100.00 -100.00
  13    10.657 54782.59866245 20.90 268.483916  30.881227  9.173 -100.00 -100.00 -100.00
  14    10.372 54792.51429979 24.65 268.482092  30.875842  9.022 -100.00 -100.00 -100.00
  14    10.345 54792.51430038 25.06 268.483375  30.878248 10.280 -100.00 -100.00 -100.00
  14    10.484 54792.51430097 22.48 268.484658  30.880653  6.273 -100.00 -100.00 -100.00
  17     9.623 54822.26121492 32.74 268.482001  30.870115 20.341 -100.00 -100.00 -100.00
  17     7.335 54822.26121551 32.63 268.483284  30.872521 21.151 -100.00 -100.00 -100.00
  17     7.250 54822.26121610 33.39 268.484567  30.874926 26.646 -100.00 -100.00 -100.00
  17    11.798 54822.26121669 32.62 268.485849  30.877332 22.648 -100.00 -100.00 -100.00
  18    11.479 54832.17685551 29.59 268.481368  30.872151 16.131 -100.00 -100.00 -100.00
  18    11.719 54832.17685610 30.26 268.482651  30.874556 16.579 -100.00 -100.00 -100.00
  18    12.007 54832.17685669 31.81 268.483933  30.876962 19.202 -100.00 -100.00 -100.00
  18    12.154 54832.17685728 31.60 268.485216  30.879367 19.893 -100.00 -100.00 -100.00
  19    11.625 54842.09250636 33.82 268.480471  30.876209 31.090 -100.00 -100.00 -100.00
  19    11.900 54842.09250695 34.21 268.481754  30.878614 31.086 -100.00 -100.00 -100.00
  19    12.121 54842.09250754 33.30 268.483037  30.881020 31.798 -100.00 -100.00 -100.00
  19    12.569 54842.09250814 31.27 268.484320  30.883425 21.011 -100.00 -100.00 -100.00
  20    10.931 54852.00815638 38.31 268.479241  30.881578   -100 -100.00 -100.00 -100.00
  20    10.731 54852.00815697 38.67 268.480524  30.883983   -100 -100.00 -100.00 -100.00
  20    10.650 54852.00815756 34.36 268.481807  30.886389   -100 -100.00 -100.00 -100.00
  20    12.346 54852.00815815 30.06 268.483090  30.888794 19.846 -100.00 -100.00 -100.00
  21     7.265 54861.92380623 36.96 268.478575  30.886759   -100 -100.00 -100.00 -100.00
  21    11.953 54861.92380682 31.34 268.479858  30.889165 27.287 -100.00 -100.00 -100.00
  21     7.073 54861.92380741 32.57 268.481141  30.891571   -100 -100.00 -100.00 -100.00
  22    13.685 54871.83945515 23.33 268.477317  30.887173 10.131 -100.00 -100.00 -100.00
  22    14.167 54871.83945574 23.06 268.478600  30.889579 10.636 -100.00 -100.00 -100.00
  22    14.228 54871.83945633 25.70 268.479883  30.891984 16.148 -100.00 -100.00 -100.00
  22    14.459 54871.83945692 26.48 268.481166  30.894390 17.093 -100.00 -100.00 -100.00
  23    11.369 54881.75510196 31.60 268.477694  30.885107 29.516 -100.00 -100.00 -100.00
  23    12.069 54881.75510255 29.92 268.478977  30.887513 26.006 -100.00 -100.00 -100.00
  23    13.868 54881.75510314 27.51 268.480261  30.889919 18.685 -100.00 -100.00 -100.00
  23    16.781 54881.75510373 24.21 268.481544  30.892325 10.371 -100.00 -100.00 -100.00
  24    12.114 54891.67074560 25.37 268.479788  30.883382 11.858 -100.00 -100.00 -100.00
  24    13.076 54891.67074619 24.34 268.481072  30.885788  9.926 -100.00 -100.00 -100.00
  24    13.907 54891.67074679 24.00 268.482355  30.888194 10.921 -100.00 -100.00 -100.00
  25     9.473 54901.58638582 46.07 268.479710  30.880683   -100 -100.00 -100.00 -100.00
  25     9.489 54901.58638641 49.18 268.480994  30.883089   -100 -100.00 -100.00 -100.00
  25     9.239 54901.58638700 53.04 268.482277  30.885495 14.705 -100.00 -100.00 -100.00
  25     9.401 54901.58638759 52.55 268.483561  30.887900 14.381 -100.00 -100.00 -100.00
  26    10.324 54911.50202495 32.95 268.479668  30.882213 23.313 -100.00 -100.00 -100.00
  26    10.500 54911.50202554 32.87 268.480951  30.884619 22.151 -100.00 -100.00 -100.00
  26    10.296 54911.50202613 31.97 268.482235  30.887024 22.372 -100.00 -100.00 -100.00
  27    12.150 54921.41766229 38.47 268.478464  30.881840   -100 -100.00 -100.00 -100.00
  27    12.080 54921.41766288 37.19 268.479747  30.884246   -100 -100.00 -100.00 -100.00
  27    12.161 54921.41766347 30.38 268.481031  30.886651 22.541 -100.00 -100.00 -100.00
  27    12.213 54921.41766406 32.37 268.482314  30.889057 30.037 -100.00 -100.00 -100.00
  28    12.265 54931.33329899 40.82 268.479627  30.880721  4.681 -100.00 -100.00 -100.00
  28    12.294 54931.33329958 37.55 268.480910  30.883127   -100 -100.00 -100.00 -100.00
  28    12.289 54931.33330017 33.50 268.482194  30.885532   -100 -100.00 -100.00 -100.00
  28    12.293 54931.33330077 30.88 268.483477  30.887938 25.430 -100.00 -100.00 -100.00
  29    12.716 54941.24893352 37.86 268.481979  30.875442   -100 -100.00 -100.00 -100.00
  29    12.602 54941.24893411 36.36 268.483262  30.877848   -100 -100.00 -100.00 -100.00
  29    12.670 54941.24893470 35.02 268.484545  30.880253 25.744 -100.00 -100.00 -100.00
  30    12.782 54951.16456427 48.59 268.480316  30.861086 16.697 -100.00 -100.00 -100.00
  30    12.815 54951.16456486 44.54 268.481598  30.863491   -100 -100.00 -100.00 -100.00
  30    12.844 54951.16456545 44.21 268.482881  30.865897   -100 -100.00 -100.00 -100.00
  30    12.871 54951.16456604 37.52 268.484164  30.868303 22.602 -100.00 -100.00 -100.00
  30    12.871 54951.16456663 45.52 268.485446  30.870708   -100 -100.00 -100.00 -100.00
  30    12.759 54951.16456722 45.28 268.486729  30.873114  3.193 -100.00 -100.00 -100.00
  31    13.395 54961.08020494 34.04 268.481750  30.860536 14.958 -100.00 -100.00 -100.00
  31    13.386 54961.08020553 33.35 268.483033  30.862941 14.454 -100.00 -100.00 -100.00
  31    13.298 54961.08020612 32.12 268.484315  30.865347 12.204 -100.00 -100.00 -100.00
  31    13.291 54961.08020671 33.27 268.485598  30.867753 15.331 -100.00 -100.00 -100.00
  31    13.228 54961.08020730 33.20 268.486881  30.870158 14.426 -100.00 -100.00 -100.00
  32    15.420 54970.99585453 37.54 268.481458  30.865687 20.872 -100.00 -100.00 -100.00
  32    15.353 54970.99585512 38.43 268.482741  30.868093 24.523 -100.00 -100.00 -100.00
  32    15.260 54970.99585571 40.01 268.484024  30.870498   -100 -100.00 -100.00 -100.00
  32    15.235 54970.99585630 41.46 268.485307  30.872904   -100 -100.00 -100.00 -100.00
  33    16.319 54980.91150369 38.93 268.482374  30.872936 24.877 -100.00 -100.00 -100.00
  33    16.178 54980.91150428 40.89 268.483657  30.875342   -100 -100.00 -100.00 -100.00
  33    16.210 54980.91150487 40.30 268.484940  30.877747 31.936 -100.00 -100.00 -100.00
  34    15.604 54990.82715156 42.49 268.481791  30.875605 32.053 -100.00 -100.00 -100.00
  34    15.640 54990.82715215 39.96 268.483074  30.878011 21.911 -100.00 -100.00 -100.00
  34    15.568 54990.82715274 40.92 268.484357  30.880416 25.813 -100.00 -100.00 -100.00
  35    12.989 55000.74279904 38.91 268.481623  30.877373 32.076 -100.00 -100.00 -100.00
  35    12.908 55000.74279963 37.63 268.482906  30.879779 27.811 -100.00 -100.00 -100.00
  35    12.998 55000.74280022 36.40 268.484189  30.882185 23.595 -100.00 -100.00 -100.00
  36    12.253 55010.65844441 38.10 268.481227  30.878122   -100 -100.00 -100.00 -100.00
  36    12.285 55010.65844500 35.81 268.482510  30.880528 25.764 -100.00 -100.00 -100.00
  36    12.242 55010.65844559 35.98 268.483793  30.882933 29.977 -100.00 -100.00 -100.00
  37    11.955 55020.57408766 35.99 268.480266  30.876784 25.293 -100.00 -100.00 -100.00
  37    11.386 55020.57408825 36.45 268.481549  30.879190   -100 -100.00 -100.00 -100.00
  37    11.285 55020.57408884 33.76 268.482832  30.881595 21.261 -100.00 -100.00 -100.00
  37    10.296 55020.57408943 33.84 268.484115  30.884001 18.707 -100.00 -100.00 -100.00
  38     7.937 55030.48973040 46.20 268.480528  30.878973   -100 -100.00 -100.00 -100.00
  38     7.626 55030.48973099 48.29 268.481811  30.881378 30.618 -100.00 -100.00 -100.00
  38     7.606 55030.48973158 50.37 268.483093  30.883784   -100 -100.00 -100.00 -100.00
  39    11.607 55040.40537196 34.29 268.480201  30.879475 30.055 -100.00 -100.00 -100.00
  39     7.363 55040.40537255 33.11 268.481484  30.881880   -100 -100.00 -100.00 -100.00
  39     7.308 55040.40537314 32.12 268.482767  30.884285 28.444 -100.00 -100.00 -100.00
  40    11.488 55050.32101127 36.81 268.480219  30.875861   -100 -100.00 -100.00 -100.00
  40    11.498 55050.32101186 33.87 268.481501  30.878266 25.662 -100.00 -100.00 -100.00
  40     8.251 55050.32101245 31.98 268.482784  30.880672 25.657 -100.00 -100.00 -100.00
  40     8.291 55050.32101304 32.19 268.484067  30.883077 25.740 -100.00 -100.00 -100.00
  41    11.271 55060.23664892 29.44 268.482813  30.873381 20.314 -100.00 -100.00 -100.00
  41     7.953 55060.23664951 29.68 268.484096  30.875786 24.014 -100.00 -100.00 -100.00
  41    10.880 55060.23665010 31.80 268.485379  30.878191 31.975 -100.00 -100.00 -100.00
  42    11.302 55070.15228827 27.40 268.482045  30.866841 10.955 -100.00 -100.00 -100.00
  42    11.352 55070.15228886 26.15 268.483328  30.869247  9.414 -100.00 -100.00 -100.00
  42    11.078 55070.15228945 24.64 268.484610  30.871652  7.223 -100.00 -100.00 -100.00
  42     6.591 55070.15229004 30.32 268.485893  30.874057 19.607 -100.00 -100.00 -100.00
  43    11.254 55080.06793813 26.13 268.482304  30.869958  9.954 -100.00 -100.00 -100.00
  43    10.222 55080.06793872 26.65 268.483587  30.872363 14.088 -100.00 -100.00 -100.00
  43     5.947 55080.06793932 33.11 268.484870  30.874768   -100 -100.00 -100.00 -100.00
  44     6.277 55089.98358642 37.16 268.481004  30.874082 32.000 -100.00 -100.00 -100.00
  44     6.286 55089.98358701 41.04 268.482287  30.876487   -100 -100.00 -100.00 -100.00
  44     6.246 55089.98358760 51.92 268.483570  30.878892 19.828 -100.00 -100.00 -100.00
  44     6.356 55089.98358819 49.00 268.484853  30.881297   -100 -100.00 -100.00 -100.00
  45     9.252 55099.89923440 25.90 268.480599  30.880513 22.064 -100.00 -100.00 -100.00
  45     7.680 55099.89923499 28.15 268.481882  30.882918 31.006 -100.00 -100.00 -100.00
  45     7.712 55099.89923558 26.40 268.483165  30.885323 26.405 -100.00 -100.00 -100.00
  46     8.603 55109.81488081 33.36 268.479362  30.881650 24.633 -100.00 -100.00 -100.00
  46     8.680 55109.81488140 35.37 268.480645  30.884056   -100 -100.00 -100.00 -100.00
  46     8.583 55109.81488199 32.93 268.481928  30.886461 30.280 -100.00 -100.00 -100.00
  46     8.164 55109.81488259 34.70 268.483211  30.888866   -100 -100.00 -100.00 -100.00
  47    10.318 55119.73052516 36.02 268.479505  30.879323   -100 -100.00 -100.00 -100.00
  47    10.275 55119.73052575 36.90 268.480788  30.881729   -100 -100.00 -100.00 -100.00
  47    10.415 55119.73052634 33.09 268.482071  30.884134 30.850 -100.00 -100.00 -100.00
  47    10.383 55119.73052693 29.98 268.483354  30.886540 21.538 -100.00 -100.00 -100.00
  48    12.631 55129.64616705 33.03 268.481128  30.877167 24.669 -100.00 -100.00 -100.00
  48    12.599 55129.64616764 33.51 268.482411  30.879572 27.591 -100.00 -100.00 -100.00
  48    12.419 55129.64616823 32.21 268.483694  30.881978 27.770 -100.00 -100.00 -100.00
  49    13.001 55139.56180649 42.56 268.481188  30.874247   -100 -100.00 -100.00 -100.00
  49    13.004 55139.56180708 44.35 268.482471  30.876652  3.055 -100.00 -100.00 -100.00
  49    13.020 55139.56180767 43.69 268.483754  30.879058   -100 -100.00 -100.00 -100.00
  49    13.294 55139.56180826 43.43 268.485037  30.881463   -100 -100.00 -100.00 -100.00
  50    14.354 55149.47744520 43.13 268.481323  30.874554   -100 -100.00 -100.00 -100.00
  50    14.476 55149.47744579 41.04 268.482606  30.876960   -100 -100.00 -100.00 -100.00
  50    14.398 55149.47744638 40.97 268.483889  30.879365   -100 -100.00 -100.00 -100.00
  51    12.618 55159.39308354 38.97 268.481929  30.875370   -100 -100.00 -100.00 -100.00
  51    12.712 55159.39308413 36.62 268.483212  30.877776 27.577 -100.00 -100.00 -100.00
  51    12.681 55159.39308472 37.39 268.484495  30.880181 32.105 -100.00 -100.00 -100.00
  52    12.295 55169.30872103 32.50 268.482406  30.873872 17.884 -100.00 -100.00 -100.00
  52    12.104 55169.30872162 33.19 268.483689  30.876277 23.172 -100.00 -100.00 -100.00
  52    12.272 55169.30872221 32.22 268.484972  30.878683 15.967 -100.00 -100.00 -100.00
  53    11.084 55179.22435678 50.07 268.482305  30.869327   -100 -100.00 -100.00 -100.00
  53    10.983 55179.22435738 55.22 268.483587  30.871733 18.852 -100.00 -100.00 -100.00
  53    10.996 55179.22435797 52.35 268.484870  30.874138  7.009 -100.00 -100.00 -100.00
  53    11.007 55179.22435856 50.23 268.486153  30.876544  0.627 -100.00 -100.00 -100.00
  54    12.383 55189.14000367 32.27 268.483124  30.872544 18.286 -100.00 -100.00 -100.00
  54    12.214 55189.14000426 33.98 268.484406  30.874949 29.204 -100.00 -100.00 -100.00
  54    13.426 55189.14000485 30.64 268.485689  30.877355 17.372 -100.00 -100.00 -100.00
  55    13.152 55199.05565492 37.83 268.481565  30.876709 26.947 -100.00 -100.00 -100.00
  55    13.107 55199.05565551 40.07 268.482848  30.879114   -100 -100.00 -100.00 -100.00
  55    13.118 55199.05565610 38.09 268.484131  30.881520 25.888 -100.00 -100.00 -100.00
  56    12.413 55208.97130521 38.02 268.479410  30.879434   -100 -100.00 -100.00 -100.00
  56    12.626 55208.97130580 37.87 268.480693  30.881840   -100 -100.00 -100.00 -100.00
  56    12.625 55208.97130639 34.42 268.481976  30.884245 22.661 -100.00 -100.00 -100.00
  56    12.598 55208.97130698 33.87 268.483259  30.886651 22.476 -100.00 -100.00 -100.00
  57    10.050 55218.88695511 48.36 268.478523  30.881598 16.431 -100.00 -100.00 -100.00
  57     9.991 55218.88695570 48.38 268.479806  30.884004 21.326 -100.00 -100.00 -100.00
  57    10.002 55218.88695629 46.71 268.481089  30.886410  4.282 -100.00 -100.00 -100.00
  57     9.985 55218.88695688 44.41 268.482372  30.888815   -100 -100.00 -100.00 -100.00
  58    12.632 55228.80260404 33.43 268.478368  30.882369 20.519 -100.00 -100.00 -100.00
  58    12.621 55228.80260463 36.70 268.479651  30.884775   -100 -100.00 -100.00 -100.00
  58    12.536 55228.80260522 35.16 268.480935  30.887181 23.529 -100.00 -100.00 -100.00
  58    12.568 55228.80260581 33.35 268.482218  30.889587 23.388 -100.00 -100.00 -100.00
  59    14.476 55238.71824964 38.03 268.479086  30.881900 24.824 -100.00 -100.00 -100.00
  59    14.305 55238.71825024 38.26 268.480370  30.884306 31.304 -100.00 -100.00 -100.00
  59    14.343 55238.71825083 37.29 268.481653  30.886712 28.759 -100.00 -100.00 -100.00
  59    14.312 55238.71825142 36.99 268.482936  30.889118 26.435 -100.00 -100.00 -100.00
  60    14.325 55248.63389138 38.15 268.479739  30.880465 28.952 -100.00 -100.00 -100.00
  60    14.086 55248.63389197 37.91 268.481022  30.882871 26.631 -100.00 -100.00 -100.00
  60    14.180 55248.63389256 37.57 268.482305  30.885277 30.129 -100.00 -100.00 -100.00
  60    14.208 55248.63389315 37.27 268.483589  30.887682 29.608 -100.00 -100.00 -100.00
  61    12.327 55258.54953061 37.87 268.479688  30.879808 27.152 -100.00 -100.00 -100.00
  61    12.209 55258.54953120 38.81 268.480971  30.882214   -100 -100.00 -100.00 -100.00
  61    12.394 55258.54953179 35.99 268.482255  30.884620 24.440 -100.00 -100.00 -100.00
  61    12.737 55258.54953238 34.46 268.483538  30.887026 18.025 -100.00 -100.00 -100.00
  62    11.957 55268.46516926 34.49 268.480384  30.881112 23.273 -100.00 -100.00 -100.00
  62    12.339 55268.46516985 31.15 268.481668  30.883517 13.415 -100.00 -100.00 -100.00
  62    12.491 55268.46517044 30.44 268.482951  30.885923 12.078 -100.00 -100.00 -100.00
  63    11.755 55278.38080677 35.00 268.479935  30.879499 28.921 -100.00 -100.00 -100.00
  63    11.679 55278.38080736 36.86 268.481218  30.881905   -100 -100.00 -100.00 -100.00
  63    11.566 55278.38080795 38.59 268.482501  30.884311   -100 -100.00 -100.00 -100.00
  63    11.418 55278.38080854 43.21 268.483785  30.886716  3.045 -100.00 -100.00 -100.00
  64    13.336 55288.29644257 40.87 268.480327  30.875408   -100 -100.00 -100.00 -100.00
  64    13.302 55288.29644316 36.90 268.481610  30.877814 31.811 -100.00 -100.00 -100.00
  64    12.951 55288.29644375 37.28 268.482893  30.880220   -100 -100.00 -100.00 -100.00
  64    13.104 55288.29644434 36.10 268.484177  30.882625 32.331 -100.00 -100.00 -100.00
  65    13.686 55298.21207627 39.36 268.482995  30.871627 29.773 -100.00 -100.00 -100.00
  65    13.655 55298.21207686 42.73 268.484277  30.874033   -100 -100.00 -100.00 -100.00
  65    13.606 55298.21207745 45.54 268.485560  30.876438  0.453 -100.00 -100.00 -100.00
  66    12.438 55308.12771726 36.42 268.481449  30.865479 22.803 -100.00 -100.00 -100.00
  66    12.395 55308.12771785 36.35 268.482732  30.867885 23.622 -100.00 -100.00 -100.00
  66    12.319 55308.12771844 39.00 268.484015  30.870290   -100 -100.00 -100.00 -100.00
  66    12.264 55308.12771903 41.92 268.485298  30.872696   -100 -100.00 -100.00 -100.00
  66    12.259 55308.12771962 42.70 268.486581  30.875101   -100 -100.00 -100.00 -100.00
  67    12.193 55318.04336436 29.98 268.482524  30.870228 18.900 -100.00 -100.00 -100.00
  67    11.972 55318.04336495 32.55 268.483807  30.872633 29.321 -100.00 -100.00 -100.00
  67    11.842 55318.04336554 29.70 268.485090  30.875039 20.382 -100.00 -100.00 -100.00
  68    12.134 55327.95900994 35.06 268.481328  30.872487   -100 -100.00 -100.00 -100.00
  68    11.790 55327.95901053 36.74 268.482611  30.874892   -100 -100.00 -100.00 -100.00
  68    11.906 55327.95901112 33.68 268.483894  30.877298   -100 -100.00 -100.00 -100.00
  68    12.034 55327.95901171 29.76 268.485177  30.879703 20.819 -100.00 -100.00 -100.00
  69    13.811 55337.87465506 39.71 268.480771  30.874911   -100 -100.00 -100.00 -100.00
  69    13.825 55337.87465565 37.92 268.482053  30.877317 27.052 -100.00 -100.00 -100.00
  69    13.795 55337.87465624 36.60 268.483337  30.879722 25.256 -100.00 -100.00 -100.00
  69    13.756 55337.87465683 38.15 268.484620  30.882128   -100 -100.00 -100.00 -100.00
  70    14.319 55347.79029964 36.84 268.481119  30.876434 20.298 -100.00 -100.00 -100.00
  70    14.287 55347.79030023 37.32 268.482401  30.878839 24.624 -100.00 -100.00 -100.00
  70    14.240 55347.79030082 37.43 268.483684  30.881245 24.788 -100.00 -100.00 -100.00
  71    13.022 55357.70594229 36.17 268.481616  30.876743   -100 -100.00 -100.00 -100.00
  71    12.734 55357.70594288 35.90 268.482899  30.879149   -100 -100.00 -100.00 -100.00
  71    12.905 55357.70594347 34.92 268.484182  30.881554 31.738 -100.00 -100.00 -100.00
  72    11.949 55367.62158226 38.26 268.480851  30.875155   -100 -100.00 -100.00 -100.00
  72    11.866 55367.62158285 34.07 268.482133  30.877561 29.895 -100.00 -100.00 -100.00
  72    11.719 55367.62158345 31.27 268.483416  30.879966 23.823 -100.00 -100.00 -100.00
  72    11.590 55367.62158404 30.14 268.484699  30.882372 19.996 -100.00 -100.00 -100.00
  73    11.829 55377.53722109 37.82 268.481268  30.875279   -100 -100.00 -100.00 -100.00
  73    11.667 55377.53722168 37.83 268.482551  30.877684   -100 -100.00 -100.00 -100.00
  73    11.580 55377.53722227 36.03 268.483834  30.880090   -100 -100.00 -100.00 -100.00
  74    12.175 55387.45285837 45.38 268.481128  30.872917   -100 -100.00 -100.00 -100.00
  74    12.008 55387.45285896 47.42 268.482410  30.875323   -100 -100.00 -100.00 -100.00
  74    11.951 55387.45285955 51.20 268.483693  30.877728   -100 -100.00 -100.00 -100.00
  74    11.939 55387.45286014 54.05 268.484976  30.880134 21.444 -100.00 -100.00 -100.00
  75    12.048 55397.36849484 31.46 268.482348  30.870849 19.716 -100.00 -100.00 -100.00
  75    11.879 55397.36849543 30.61 268.483631  30.873254 20.300 -100.00 -100.00 -100.00
  75    11.676 55397.36849602 31.67 268.484914  30.875660 23.765 -100.00 -100.00 -100.00
  76    10.672 55407.28413636 46.60 268.480925  30.864246 22.667 -100.00 -100.00 -100.00
  76    10.679 55407.28413695 46.49 268.482208  30.866651 22.015 -100.00 -100.00 -100.00
  76    10.700 55407.28413754 42.77 268.483490  30.869057   -100 -100.00 -100.00 -100.00
  76    10.696 55407.28413813 43.86 268.484772  30.871462  3.240 -100.00 -100.00 -100.00
  76    10.685 55407.28413872 46.58 268.486055  30.873867 17.971 -100.00 -100.00 -100.00
  77    11.699 55417.19978840 34.43 268.482794  30.869829 27.589 -100.00 -100.00 -100.00
  77    11.650 55417.19978899 34.55 268.484077  30.872234 26.961 -100.00 -100.00 -100.00
  77    10.335 55417.19978958 34.29 268.485359  30.874640 25.392 -100.00 -100.00 -100.00
  78    12.250 55427.11543633 30.53 268.482621  30.872471 16.086 -100.00 -100.00 -100.00
  78    11.878 55427.11543693 32.39 268.483903  30.874876 19.832 -100.00 -100.00 -100.00
  78    11.868 55427.11543752 31.17 268.485186  30.877281 19.855 -100.00 -100.00 -100.00
  79    11.763 55437.03108172 35.43 268.481883  30.874933   -100 -100.00 -100.00 -100.00
  79    11.761 55437.03108231 30.73 268.483166  30.877338 25.993 -100.00 -100.00 -100.00
  79    11.718 55437.03108291 28.02 268.484449  30.879743 19.389 -100.00 -100.00 -100.00
  80    11.768 55446.94672601 30.12 268.481086  30.877173 20.011 -100.00 -100.00 -100.00
  80    11.615 55446.94672660 27.11 268.482369  30.879578 14.522 -100.00 -100.00 -100.00
  80    11.339 55446.94672719 26.64 268.483652  30.881983 16.207 -100.00 -100.00 -100.00
  81    11.352 55456.86236974 32.86 268.480578  30.877941   -100 -100.00 -100.00 -100.00
  81    11.442 55456.86237033 24.29 268.481861  30.880346 13.196 -100.00 -100.00 -100.00
  81    11.270 55456.86237092 21.60 268.483144  30.882751  8.792 -100.00 -100.00 -100.00
  82    11.117 55466.77801282 25.23 268.481407  30.878142 18.972 -100.00 -100.00 -100.00
  82    11.093 55466.77801341 21.24 268.482690  30.880547  9.864 -100.00 -100.00 -100.00
  82    10.349 55466.77801400 23.74 268.483973  30.882952 17.362 -100.00 -100.00 -100.00
  83     6.835 55476.69365179 39.44 268.481871  30.873920   -100 -100.00 -100.00 -100.00
  83     6.782 55476.69365238 39.38 268.483154  30.876325   -100 -100.00 -100.00 -100.00
  83     7.098 55476.69365297 36.60 268.484437  30.878731 24.944 -100.00 -100.00 -100.00
  84    10.344 55486.60928726 25.70 268.482037  30.868565  6.299 -100.00 -100.00 -100.00
  84     5.591 55486.60928785 28.68 268.483320  30.870971  9.198 -100.00 -100.00 -100.00
  84     5.180 55486.60928844 32.11 268.484603  30.873376 17.969 -100.00 -100.00 -100.00
  84     4.357 55486.60928903 33.67 268.485886  30.875782 22.789 -100.00 -100.00 -100.00
  85     5.979 55496.52491985 37.78 268.480201  30.861584   -100 -100.00 -100.00 -100.00
  85     5.903 55496.52492044 35.74 268.481483  30.863989   -100 -100.00 -100.00 -100.00
  85     5.588 55496.52492103 31.90 268.482766  30.866395 20.109 -100.00 -100.00 -100.00
  85     5.666 55496.52492162 30.19 268.484049  30.868800 19.509 -100.00 -100.00 -100.00
  85     7.426 55496.52492221 28.88 268.485332  30.871206 14.316 -100.00 -100.00 -100.00
  85     5.796 55496.52492280 32.19 268.486615  30.873611 25.614 -100.00 -100.00 -100.00
  86     4.887 55506.44055581 52.56 268.480957  30.862795   -100 -100.00 -100.00 -100.00
  86     4.933 55506.44055640 54.52 268.482240  30.865201   -100 -100.00 -100.00 -100.00
  86     5.081 55506.44055699 54.85 268.483522  30.867606  5.281 -100.00 -100.00 -100.00
  86     4.795 55506.44055758 53.53 268.484805  30.870012   -100 -100.00 -100.00 -100.00
  86     5.083 55506.44055817 52.76 268.486088  30.872417  3.505 -100.00 -100.00 -100.00
  87     4.730 55516.35620813 40.02 268.482455  30.872332   -100 -100.00 -100.00 -100.00
  87     4.542 55516.35620872 39.52 268.483738  30.874737   -100 -100.00 -100.00 -100.00
  87     4.550 55516.35620931 42.80 268.485021  30.877143  8.731 -100.00 -100.00 -100.00
  88    10.323 55526.27185767 18.90 268.481483  30.873658 13.178 -100.00 -100.00 -100.00
  88    10.222 55526.27185826 19.39 268.482766  30.876064 17.335 -100.00 -100.00 -100.00
  88    12.249 55526.27185885 16.94 268.484049  30.878469 10.765 -100.00 -100.00 -100.00
  89     6.410 55536.18750512 34.20 268.480737  30.874373   -100 -100.00 -100.00 -100.00
  89     6.378 55536.18750571 34.36 268.482020  30.876779   -100 -100.00 -100.00 -100.00
  89     7.385 55536.18750630 27.06 268.483303  30.879184 15.947 -100.00 -100.00 -100.00
  89     7.186 55536.18750689 28.70 268.484586  30.881590 20.626 -100.00 -100.00 -100.00
  90     9.794 55546.10315087 24.50 268.480395  30.876481 21.962 -100.00 -100.00 -100.00
  90     8.727 55546.10315146 24.52 268.481678  30.878886 22.688 -100.00 -100.00 -100.00
  90     8.115 55546.10315205 26.05 268.482961  30.881292 30.368 -100.00 -100.00 -100.00
  90     8.238 55546.10315264 22.89 268.484244  30.883697 17.148 -100.00 -100.00 -100.00
  91    11.963 55556.01879520 20.92 268.480026  30.879829 11.331 -100.00 -100.00 -100.00
  91    12.102 55556.01879579 21.19 268.481308  30.882234 12.717 -100.00 -100.00 -100.00
  91    14.386 55556.01879638 19.97 268.482591  30.884640 10.317 -100.00 -100.00 -100.00
  91    14.644 55556.01879697 21.04 268.483875  30.887045 12.846 -100.00 -100.00 -100.00
  92     5.390 55565.93443870 43.37 268.480034  30.882270   -100 -100.00 -100.00 -100.00
  92     5.467 55565.93443929 46.76 268.481317  30.884676 18.567 -100.00 -100.00 -100.00
  92     5.536 55565.93443988 39.36 268.482601  30.887081   -100 -100.00 -100.00 -100.00
  93     8.391 55575.85008049 41.27 268.479848  30.879021 18.433 -100.00 -100.00 -100.00
  93     8.032 55575.85008108 46.31 268.481131  30.881427 24.246 -100.00 -100.00 -100.00
  93     7.295 55575.85008167 51.48 268.482414  30.883833 11.759 -100.00 -100.00 -100.00
  93     7.329 55575.85008226 55.59 268.483697  30.886238   -100 -100.00 -100.00 -100.00
  94     5.872 55585.76572088 40.21 268.481784  30.876480   -100 -100.00 -100.00 -100.00
  94     5.505 55585.76572147 45.70 268.483067  30.878885 31.788 -100.00 -100.00 -100.00
  94     5.524 55585.76572206 43.96 268.484350  30.881291 20.602 -100.00 -100.00 -100.00
  95    11.391 55595.68135706 26.48 268.482193  30.870204 15.287 -100.00 -100.00 -100.00
  95    11.792 55595.68135765 26.86 268.483476  30.872610 15.386 -100.00 -100.00 -100.00
  95    11.889 55595.68135824 28.44 268.484759  30.875016 19.458 -100.00 -100.00 -100.00
  95    12.340 55595.68135883 27.25 268.486042  30.877421 14.077 -100.00 -100.00 -100.00
  96    10.892 55605.59698978 26.07 268.481047  30.863860  9.574 -100.00 -100.00 -100.00
  96    10.680 55605.59699037 26.51 268.482330  30.866266  9.764 -100.00 -100.00 -100.00
  96    10.961 55605.59699096 26.92 268.483613  30.868672  9.553 -100.00 -100.00 -100.00
  96    11.295 55605.59699155 28.84 268.484896  30.871078 14.187 -100.00 -100.00 -100.00
  96    11.920 55605.59699214 27.88 268.486179  30.873484 11.614 -100.00 -100.00 -100.00
  97    10.579 55615.51262104 27.90 268.481193  30.861510 10.533 -100.00 -100.00 -100.00
  97    10.586 55615.51262163 26.30 268.482476  30.863916  8.900 -100.00 -100.00 -100.00
  97    10.259 55615.51262222 29.14 268.483758  30.866322 11.508 -100.00 -100.00 -100.00
  97    10.271 55615.51262281 31.66 268.485041  30.868728 19.414 -100.00 -100.00 -100.00
  97    10.744 55615.51262340 33.07 268.486324  30.871133 21.717 -100.00 -100.00 -100.00
  98    10.718 55625.42826167 25.43 268.480550  30.861888  9.919 -100.00 -100.00 -100.00
  98    10.593 55625.42826226 25.94 268.481832  30.864293  9.270 -100.00 -100.00 -100.00
  98    10.307 55625.42826285 28.07 268.483115  30.866699 15.021 -100.00 -100.00 -100.00
  98    10.718 55625.42826344 28.59 268.484398  30.869105 15.515 -100.00 -100.00 -100.00
  98    11.412 55625.42826403 28.06 268.485681  30.871511 14.598 -100.00 -100.00 -100.00
  99    12.937 55635.34391544 55.23 268.482805  30.870871   -100 -100.00 -100.00 -100.00
  99    12.967 55635.34391603 53.03 268.484088  30.873277   -100 -100.00 -100.00 -100.00
  99    12.963 55635.34391662 51.68 268.485371  30.875683   -100 -100.00 -100.00 -100.00
 100    13.816 55645.25956547 36.18 268.483108  30.872723 22.886 -100.00 -100.00 -100.00
 100    13.733 55645.25956606 36.41 268.484391  30.875129 24.726 -100.00 -100.00 -100.00
 100    13.650 55645.25956665 38.70 268.485674  30.877534 31.782 -100.00 -100.00 -100.00
 101    14.294 55655.17521183 37.92 268.481984  30.870529 25.633 -100.00 -100.00 -100.00
 101    14.267 55655.17521242 36.62 268.483267  30.872934 22.273 -100.00 -100.00 -100.00
 101    14.207 55655.17521301 38.06 268.484549  30.875340 28.535 -100.00 -100.00 -100.00
 101    14.309 55655.17521360 39.66 268.485833  30.877745   -100 -100.00 -100.00 -100.00
 102    13.015 55665.09085462 53.56 268.482622  30.871856 23.402 -100.00 -100.00 -100.00
 102    13.030 55665.09085521 55.08 268.483905  30.874261 27.540 -100.00 -100.00 -100.00
 102    13.062 55665.09085580 51.92 268.485188  30.876667 14.063 -100.00 -100.00 -100.00
 103    12.699 55675.00649426 35.18 268.481677  30.871804 25.850 -100.00 -100.00 -100.00
 103    12.675 55675.00649485 35.30 268.482960  30.874210 30.945 -100.00 -100.00 -100.00
 103    12.315 55675.00649544 37.85 268.484243  30.876615   -100 -100.00 -100.00 -100.00
 103    12.458 55675.00649603 35.69 268.485526  30.879021   -100 -100.00 -100.00 -100.00
 104    14.711 55684.92213273 37.82 268.481509  30.872788 30.162 -100.00 -100.00 -100.00
 104    14.591 55684.92213332 37.90 268.482792  30.875193 32.520 -100.00 -100.00 -100.00
 104    14.615 55684.92213391 38.75 268.484075  30.877599   -100 -100.00 -100.00 -100.00
 104    14.583 55684.92213450 38.71 268.485358  30.880004   -100 -100.00 -100.00 -100.00
 105    17.366 55694.83776956 42.96 268.481726  30.871029   -100 -100.00 -100.00 -100.00
 105    17.349 55694.83777015 42.07 268.483009  30.873434   -100 -100.00 -100.00 -100.00
 105    17.351 55694.83777074 42.50 268.484292  30.875840   -100 -100.00 -100.00 -100.00
 105    17.386 55694.83777133 41.90 268.485575  30.878245   -100 -100.00 -100.00 -100.00
 106    17.545 55704.75340357 41.11 268.480296  30.862376 30.202 -100.00 -100.00 -100.00
 106    17.508 55704.75340416 40.78 268.481578  30.864782 28.627 -100.00 -100.00 -100.00
 106    17.384 55704.75340475 40.65 268.482861  30.867187   -100 -100.00 -100.00 -100.00
 106    17.402 55704.75340534 40.85 268.484143  30.869593 32.365 -100.00 -100.00 -100.00
 106    17.358 55704.75340593 40.04 268.485426  30.871999 30.161 -100.00 -100.00 -100.00
 106    17.468 55704.75340652 39.21 268.486709  30.874404 27.006 -100.00 -100.00 -100.00
 107    17.205 55714.66905102 40.98 268.480566  30.863407 29.753 -100.00 -100.00 -100.00
 107    17.132 55714.66905161 39.49 268.481848  30.865812 23.028 -100.00 -100.00 -100.00
 107    17.135 55714.66905220 39.10 268.483131  30.868218 23.822 -100.00 -100.00 -100.00
 107    17.297 55714.66905279 39.58 268.484413  30.870624 26.681 -100.00 -100.00 -100.00
 107    17.418 55714.66905338 40.18 268.485696  30.873029 28.390 -100.00 -100.00 -100.00
 108    15.824 55724.58470182 38.98 268.482098  30.871822 18.699 -100.00 -100.00 -100.00
 108    15.774 55724.58470241 39.24 268.483381  30.874228 20.324 -100.00 -100.00 -100.00
 108    15.741 55724.58470300 39.52 268.484664  30.876633 22.101 -100.00 -100.00 -100.00
 109    14.215 55734.50034953 37.36 268.481238  30.876328 21.763 -100.00 -100.00 -100.00
 109    14.056 55734.50035012 39.04 268.482521  30.878733 31.968 -100.00 -100.00 -100.00
 109    14.165 55734.50035072 36.66 268.483804  30.881139 22.026 -100.00 -100.00 -100.00
 110    12.615 55744.41599561 50.58 268.480920  30.879450  4.272 -100.00 -100.00 -100.00
 110    12.611 55744.41599620 51.72 268.482203  30.881856 20.624 -100.00 -100.00 -100.00
 110    12.643 55744.41599679 47.81 268.483486  30.884261  8.310 -100.00 -100.00 -100.00
 111    12.484 55754.33163895 41.23 268.480102  30.877059   -100 -100.00 -100.00 -100.00
 111    12.505 55754.33163954 38.86 268.481385  30.879465   -100 -100.00 -100.00 -100.00
 111    12.500 55754.33164013 38.43 268.482668  30.881870   -100 -100.00 -100.00 -100.00
 111    12.482 55754.33164073 36.72 268.483951  30.884276 31.789 -100.00 -100.00 -100.00
 112    12.117 55764.24728001 34.53 268.481681  30.873697 24.894 -100.00 -100.00 -100.00
 112    12.034 55764.24728060 37.01 268.482964  30.876103   -100 -100.00 -100.00 -100.00
 112    11.221 55764.24728119 40.55 268.484246  30.878508   -100 -100.00 -100.00 -100.00
 113    12.382 55774.16291763 30.41 268.481892  30.867473 13.557 -100.00 -100.00 -100.00
 113    12.134 55774.16291823 32.20 268.483175  30.869878 19.298 -100.00 -100.00 -100.00
 113    12.124 55774.16291882 32.39 268.484458  30.872284 20.043 -100.00 -100.00 -100.00
 113    11.870 55774.16291941 31.28 268.485740  30.874689 18.478 -100.00 -100.00 -100.00
 114    12.339 55784.07855206 27.10 268.480523  30.861699 10.404 -100.00 -100.00 -100.00
 114    12.071 55784.07855265 29.52 268.481805  30.864105 18.077 -100.00 -100.00 -100.00
 114    12.116 55784.07855324 27.71 268.483088  30.866510 12.448 -100.00 -100.00 -100.00
 114    11.767 55784.07855383 31.41 268.484371  30.868915 25.676 -100.00 -100.00 -100.00
 114    11.826 55784.07855442 28.32 268.485653  30.871320 14.512 -100.00 -100.00 -100.00
 114    11.241 55784.07855501 33.11 268.486936  30.873726 30.937 -100.00 -100.00 -100.00
 115    12.127 55793.99418513 27.69 268.479754  30.859493 12.334 -100.00 -100.00 -100.00
 115    11.910 55793.99418572 26.12 268.481036  30.861898  9.747 -100.00 -100.00 -100.00
 115    11.878 55793.99418631 27.61 268.482318  30.864304 13.085 -100.00 -100.00 -100.00
 115    11.841 55793.99418690 25.46 268.483601  30.866709  8.561 -100.00 -100.00 -100.00
 115    11.717 55793.99418749 27.57 268.484883  30.869114 13.807 -100.00 -100.00 -100.00
 115    11.632 55793.99418808 26.71 268.486166  30.871519  9.410 -100.00 -100.00 -100.00
 116     6.991 55803.90982236 33.57 268.480473  30.860449 29.311 -100.00 -100.00 -100.00
 116    11.293 55803.90982295 27.79 268.481755  30.862855 12.826 -100.00 -100.00 -100.00
 116    11.483 55803.90982354 25.93 268.483038  30.865260  9.108 -100.00 -100.00 -100.00
 116     7.072 55803.90982413 31.72 268.484320  30.867665 22.980 -100.00 -100.00 -100.00
 116     7.116 55803.90982472 33.66 268.485603  30.870071 25.373 -100.00 -100.00 -100.00
 116     7.718 55803.90982531 34.39 268.486885  30.872476 20.809 -100.00 -100.00 -100.00
 117     6.657 55813.82547334 48.74 268.481085  30.865033 14.384 -100.00 -100.00 -100.00
 117     6.632 55813.82547393 47.53 268.482368  30.867438 20.476 -100.00 -100.00 -100.00
 117     6.679 55813.82547452 52.85 268.483650  30.869844   -100 -100.00 -100.00 -100.00
 117     6.860 55813.82547511 47.99 268.484933  30.872249   -100 -100.00 -100.00 -100.00
 117     6.637 55813.82547570 51.84 268.486215  30.874654 29.589 -100.00 -100.00 -100.00
 118    12.181 55823.74112108 28.11 268.480845  30.863720 14.147 -100.00 -100.00 -100.00
 118    12.022 55823.74112167 28.30 268.482128  30.866125 15.560 -100.00 -100.00 -100.00
 118    11.989 55823.74112226 27.50 268.483411  30.868531 12.381 -100.00 -100.00 -100.00
 118    11.752 55823.74112285 27.84 268.484693  30.870936 14.349 -100.00 -100.00 -100.00
 118    11.573 55823.74112344 29.22 268.485976  30.873341 19.586 -100.00 -100.00 -100.00
 119    11.966 55833.65676390 28.05 268.480951  30.861376 15.450 -100.00 -100.00 -100.00
 119    11.811 55833.65676449 29.86 268.482234  30.863782 20.575 -100.00 -100.00 -100.00
 119    11.806 55833.65676508 27.20 268.483517  30.866187 16.297 -100.00 -100.00 -100.00
 119    11.790 55833.65676567 27.93 268.484799  30.868593 19.429 -100.00 -100.00 -100.00
 119    12.009 55833.65676626 24.79 268.486082  30.870998 11.511 -100.00 -100.00 -100.00
 120    11.669 55843.57240294 28.72 268.481542  30.861058 17.661 -100.00 -100.00 -100.00
 120    11.603 55843.57240353 26.40 268.482824  30.863464 13.884 -100.00 -100.00 -100.00
 120    11.423 55843.57240412 29.26 268.484107  30.865869 21.983 -100.00 -100.00 -100.00
 120     5.892 55843.57240471 33.58 268.485390  30.868275   -100 -100.00 -100.00 -100.00
 120     6.336 55843.57240530 33.52 268.486673  30.870680 26.059 -100.00 -100.00 -100.00
 121     4.535 55853.48803878 55.24 268.481548  30.861235 30.519 -100.00 -100.00 -100.00
 121     4.565 55853.48803937 56.60 268.482831  30.863640   -100 -100.00 -100.00 -100.00
 121     4.750 55853.48803996 50.76 268.484114  30.866046 26.309 -100.00 -100.00 -100.00
 121     4.548 55853.48804055 50.46 268.485396  30.868451   -100 -100.00 -100.00 -100.00
 121     4.862 55853.48804114 50.35 268.486679  30.870856   -100 -100.00 -100.00 -100.00
 122     4.481 55863.40367484 55.32 268.480086  30.859665   -100 -100.00 -100.00 -100.00
 122     4.549 55863.40367543 56.43 268.481369  30.862070   -100 -100.00 -100.00 -100.00
 122     4.752 55863.40367602 55.61 268.482651  30.864476 16.593 -100.00 -100.00 -100.00
 122     4.532 55863.40367661 56.90 268.483934  30.866881   -100 -100.00 -100.00 -100.00
 122     4.646 55863.40367720 54.69 268.485216  30.869287 14.704 -100.00 -100.00 -100.00
 122     4.747 55863.40367779 55.85 268.486499  30.871692 23.046 -100.00 -100.00 -100.00
 123    10.181 55873.31933107 26.65 268.482028  30.871663 14.409 -100.00 -100.00 -100.00
 123    10.839 55873.31933166 22.09 268.483311  30.874069  7.003 -100.00 -100.00 -100.00
 123    10.411 55873.31933225 23.61 268.484594  30.876474 10.873 -100.00 -100.00 -100.00
 133    12.830 55972.47576952 38.17 268.481442  30.873609   -100 -100.00 -100.00 -100.00
 133    12.649 55972.47577011 37.83 268.482726  30.876015   -100 -100.00 -100.00 -100.00
 133    12.873 55972.47577070 37.34 268.484009  30.878421 31.572 -100.00 -100.00 -100.00
 133    12.734 55972.47577129 37.16 268.485292  30.880826   -100 -100.00 -100.00 -100.00
 134    12.309 55982.39140514 32.64 268.481872  30.872914 16.261 -100.00 -100.00 -100.00
 134    12.192 55982.39140574 33.03 268.483155  30.875319 20.873 -100.00 -100.00 -100.00
 134    12.214 55982.39140633 31.48 268.484438  30.877725 15.217 -100.00 -100.00 -100.00
 135    12.257 55992.30703709 30.26 268.480638  30.862964 13.833 -100.00 -100.00 -100.00
 135    12.307 55992.30703768 31.93 268.481920  30.865369 19.159 -100.00 -100.00 -100.00
 135    12.365 55992.30703827 31.21 268.483203  30.867775 17.530 -100.00 -100.00 -100.00
 135    12.672 55992.30703886 31.11 268.484486  30.870181 15.740 -100.00 -100.00 -100.00
 135    12.091 55992.30703945 31.20 268.485769  30.872587 15.584 -100.00 -100.00 -100.00
 136    12.123 56002.22268423 34.42 268.480596  30.861694 26.442 -100.00 -100.00 -100.00
 136    12.321 56002.22268482 32.37 268.481878  30.864100 17.405 -100.00 -100.00 -100.00
 136    12.255 56002.22268541 31.42 268.483161  30.866506 14.867 -100.00 -100.00 -100.00
 136    12.051 56002.22268600 31.89 268.484444  30.868911 14.946 -100.00 -100.00 -100.00
 136    12.742 56002.22268659 31.66 268.485727  30.871317 15.581 -100.00 -100.00 -100.00
 137    12.740 56012.13833449 35.84 268.481589  30.865444 25.182 -100.00 -100.00 -100.00
 137    12.679 56012.13833508 34.38 268.482872  30.867850 22.072 -100.00 -100.00 -100.00
 137    12.620 56012.13833567 34.69 268.484155  30.870255 21.476 -100.00 -100.00 -100.00
 137    12.585 56012.13833626 35.94 268.485438  30.872661 27.012 -100.00 -100.00 -100.00
 139    11.984 56031.96962571 38.59 268.481295  30.874550  1.653 -100.00 -100.00 -100.00
 139    11.942 56031.96962630 33.63 268.482578  30.876956   -100 -100.00 -100.00 -100.00
 139    11.880 56031.96962689 30.42 268.483861  30.879362 26.607 -100.00 -100.00 -100.00
 141    11.853 56051.80090642 37.36 268.480894  30.875321   -100 -100.00 -100.00 -100.00
 141     6.677 56051.80090701 35.33 268.482176  30.877727 31.329 -100.00 -100.00 -100.00
 141    10.914 56051.80090760 33.36 268.483459  30.880132 23.826 -100.00 -100.00 -100.00
 141     6.998 56051.80090819 39.39 268.484742  30.882538   -100 -100.00 -100.00 -100.00
 142    11.765 56061.71654225 28.90 268.482615  30.872316 12.857 -100.00 -100.00 -100.00
 142     7.993 56061.71654284 33.91 268.483897  30.874722   -100 -100.00 -100.00 -100.00
 142    11.461 56061.71654343 29.03 268.485180  30.877128 17.094 -100.00 -100.00 -100.00
 143    11.790 56071.63217921 27.43 268.480336  30.862462 21.814 -100.00 -100.00 -100.00
 143    11.821 56071.63217980 27.16 268.481618  30.864867 20.971 -100.00 -100.00 -100.00
 143    11.866 56071.63218039 24.08 268.482901  30.867273 12.789 -100.00 -100.00 -100.00
 143    11.558 56071.63218098 25.03 268.484184  30.869679 17.043 -100.00 -100.00 -100.00
 143    11.310 56071.63218157 26.30 268.485466  30.872085 21.333 -100.00 -100.00 -100.00
 143    11.314 56071.63218216 26.26 268.486749  30.874490 17.623 -100.00 -100.00 -100.00
 144     5.745 56081.54783186 33.47 268.482813  30.872610 31.345 -100.00 -100.00 -100.00
 144     5.616 56081.54783245 35.97 268.484096  30.875016   -100 -100.00 -100.00 -100.00
 144     5.649 56081.54783304 36.85 268.485379  30.877421   -100 -100.00 -100.00 -100.00
 145     4.877 56091.46347967 37.49 268.480771  30.874415 19.973 -100.00 -100.00 -100.00
 145     5.294 56091.46348026 41.37 268.482054  30.876821 27.879 -100.00 -100.00 -100.00
 145     4.900 56091.46348085 53.51 268.483336  30.879227   -100 -100.00 -100.00 -100.00
 145     4.947 56091.46348144 51.72 268.484619  30.881632   -100 -100.00 -100.00 -100.00
 146     4.687 56101.37912530 39.40 268.480512  30.876810   -100 -100.00 -100.00 -100.00
 146     4.262 56101.37912589 40.03 268.481794  30.879216   -100 -100.00 -100.00 -100.00
 146     4.097 56101.37912648 32.72 268.483077  30.881621 25.135 -100.00 -100.00 -100.00
 146     4.238 56101.37912707 30.49 268.484360  30.884027 17.636 -100.00 -100.00 -100.00
 147     4.937 56111.29475635 39.45 268.481562  30.877206 15.978 -100.00 -100.00 -100.00
 147     3.800 56111.29475694 44.37 268.482844  30.879612   -100 -100.00 -100.00 -100.00
 147     3.669 56111.29475753 51.02 268.484127  30.882017 29.307 -100.00 -100.00 -100.00
 148     3.716 56121.21039481 28.91 268.482937  30.873318 19.639 -100.00 -100.00 -100.00
 148     3.762 56121.21039540 31.37 268.484219  30.875724 27.635 -100.00 -100.00 -100.00
 148     3.777 56121.21039599 33.83 268.485502  30.878129   -100 -100.00 -100.00 -100.00
 149    10.689 56131.12602751 31.99 268.480630  30.860357   -100 -100.00 -100.00 -100.00
 149    10.675 56131.12602810 28.38 268.481912  30.862763 18.796 -100.00 -100.00 -100.00
 149    10.543 56131.12602869 26.29 268.483195  30.865168 15.277 -100.00 -100.00 -100.00
 149    10.702 56131.12602928 26.26 268.484477  30.867573 16.450 -100.00 -100.00 -100.00
 149    11.187 56131.12602987 22.72 268.485760  30.869979  8.546 -100.00 -100.00 -100.00
 149     9.386 56131.12603046 25.73 268.487043  30.872384 15.670 -100.00 -100.00 -100.00
 150     2.613 56141.04166239 37.64 268.483181  30.860530   -100 -100.00 -100.00 -100.00
 150     2.758 56141.04166298 32.87 268.484463  30.862935 29.016 -100.00 -100.00 -100.00
 150     2.600 56141.04166357 32.02 268.485746  30.865340 28.908 -100.00 -100.00 -100.00
 150     2.818 56141.04166416 32.56 268.487029  30.867745 30.403 -100.00 -100.00 -100.00
 151     3.114 56150.95731446 43.65 268.481323  30.866155  2.549 -100.00 -100.00 -100.00
 151     3.107 56150.95731505 46.01 268.482605  30.868560 25.013 -100.00 -100.00 -100.00
 151     2.989 56150.95731564 42.54 268.483888  30.870965 11.605 -100.00 -100.00 -100.00
 151     2.986 56150.95731623 45.60 268.485171  30.873370 28.659 -100.00 -100.00 -100.00
 151     3.038 56150.95731682 46.08 268.486454  30.875776   -100 -100.00 -100.00 -100.00
 152     3.687 56160.87296574 35.83 268.482463  30.874893 21.251 -100.00 -100.00 -100.00
 152     3.368 56160.87296633 39.44 268.483746  30.877298 30.966 -100.00 -100.00 -100.00
 152     2.822 56160.87296692 46.09 268.485029  30.879703   -100 -100.00 -100.00 -100.00
 153    10.445 56170.78861370 20.74 268.482133  30.875730 12.571 -100.00 -100.00 -100.00
 153     6.778 56170.78861429 24.06 268.483416  30.878135 23.064 -100.00 -100.00 -100.00
 153    14.479 56170.78861488 17.99 268.484699  30.880540  7.458 -100.00 -100.00 -100.00
 154     3.466 56180.70425678 28.46 268.482097  30.872483 25.237 -100.00 -100.00 -100.00
 154     3.356 56180.70425737 30.68 268.483380  30.874888   -100 -100.00 -100.00 -100.00
 154     3.461 56180.70425796 31.51 268.484663  30.877293   -100 -100.00 -100.00 -100.00
 155     3.205 56190.61989583 37.46 268.482152  30.869219   -100 -100.00 -100.00 -100.00
 155     3.617 56190.61989642 37.62 268.483434  30.871625 29.433 -100.00 -100.00 -100.00
 155     3.356 56190.61989701 41.42 268.484717  30.874030   -100 -100.00 -100.00 -100.00
 155     3.461 56190.61989760 44.79 268.486000  30.876435   -100 -100.00 -100.00 -100.00
 156    11.338 56200.53553224 21.05 268.482191  30.867894 10.863 -100.00 -100.00 -100.00
 156    10.763 56200.53553283 20.86 268.483474  30.870300 10.533 -100.00 -100.00 -100.00
 156    11.212 56200.53553342 21.40 268.484756  30.872705 11.068 -100.00 -100.00 -100.00
 156    11.534 56200.53553401 22.39 268.486039  30.875110 12.063 -100.00 -100.00 -100.00
 157     3.988 56210.45116580 48.65 268.481608  30.865395   -100 -100.00 -100.00 -100.00
 157     3.861 56210.45116639 46.17 268.482890  30.867801  6.643 -100.00 -100.00 -100.00
 157     3.751 56210.45116698 43.70 268.484173  30.870206 26.249 -100.00 -100.00 -100.00
 157     3.835 56210.45116757 40.63 268.485456  30.872611  0.205 -100.00 -100.00 -100.00
 158     3.277 56220.36679676 51.96 268.480609  30.860064   -100 -100.00 -100.00 -100.00
 158     2.986 56220.36679735 55.43 268.481891  30.862469   -100 -100.00 -100.00 -100.00
 158     3.286 56220.36679794 51.20 268.483174  30.864875   -100 -100.00 -100.00 -100.00
 158     3.038 56220.36679853 52.40 268.484456  30.867280   -100 -100.00 -100.00 -100.00
 158     2.966 56220.36679912 44.67 268.485739  30.869685 15.234 -100.00 -100.00 -100.00
 158     3.317 56220.36679971 47.82 268.487021  30.872091   -100 -100.00 -100.00 -100.00
 159     2.778 56230.28244817 35.21 268.481508  30.866413 26.613 -100.00 -100.00 -100.00
 159     2.875 56230.28244876 38.37 268.482790  30.868819   -100 -100.00 -100.00 -100.00
 159     3.019 56230.28244935 37.46 268.484072  30.871224   -100 -100.00 -100.00 -100.00
 159     2.973 56230.28244994 41.70 268.485355  30.873630   -100 -100.00 -100.00 -100.00
 160     3.286 56240.19810237 28.36 268.482557  30.872291 26.093 -100.00 -100.00 -100.00
 160    10.771 56240.19810296 20.87 268.483840  30.874696  8.500 -100.00 -100.00 -100.00
 160     3.447 56240.19810355 26.91 268.485122  30.877101 22.225 -100.00 -100.00 -100.00
 161     4.167 56250.11375173 33.10 268.481742  30.873752 21.599 -100.00 -100.00 -100.00
 161     4.078 56250.11375232 30.76 268.483024  30.876158 14.626 -100.00 -100.00 -100.00
 161     4.131 56250.11375291 32.33 268.484307  30.878563 20.236 -100.00 -100.00 -100.00
 162     3.726 56260.02939632 32.61 268.481557  30.874270 26.251 -100.00 -100.00 -100.00
 162     3.777 56260.02939691 30.10 268.482840  30.876676 18.050 -100.00 -100.00 -100.00
 162     3.442 56260.02939750 32.07 268.484123  30.879081 25.396 -100.00 -100.00 -100.00
 163     3.590 56269.94503870 40.62 268.481777  30.875334 25.245 -100.00 -100.00 -100.00
 163     3.157 56269.94503929 43.51 268.483060  30.877739   -100 -100.00 -100.00 -100.00
 163     3.049 56269.94503988 41.57 268.484343  30.880145   -100 -100.00 -100.00 -100.00
 164    11.794 56279.86067928 24.08 268.482210  30.875454  9.816 -100.00 -100.00 -100.00
 164    12.053 56279.86067987 24.99 268.483493  30.877860 10.883 -100.00 -100.00 -100.00
 164    12.288 56279.86068046 23.98 268.484775  30.880266  9.626 -100.00 -100.00 -100.00
 165    12.537 56289.77633139 23.25 268.481379  30.877907  7.629 -100.00 -100.00 -100.00
 165    14.073 56289.77633198 22.98 268.482662  30.880312  7.472 -100.00 -100.00 -100.00
 165    13.917 56289.77633257 23.22 268.483945  30.882718  7.564 -100.00 -100.00 -100.00
 166    11.564 56299.69197979 30.05 268.480641  30.877007 23.226 -100.00 -100.00 -100.00
 166    12.019 56299.69198038 28.99 268.481924  30.879413 18.621 -100.00 -100.00 -100.00
 166    12.238 56299.69198097 27.79 268.483208  30.881819 15.128 -100.00 -100.00 -100.00
 166    12.529 56299.69198156 27.51 268.484491  30.884224 17.205 -100.00 -100.00 -100.00
 167    12.152 56309.60762401 30.68 268.480516  30.875616 15.760 -100.00 -100.00 -100.00
 167    11.518 56309.60762460 33.80 268.481800  30.878022 25.815 -100.00 -100.00 -100.00
 167    11.995 56309.60762519 33.62 268.483083  30.880428 26.835 -100.00 -100.00 -100.00
 167    12.314 56309.60762578 32.15 268.484366  30.882833 20.790 -100.00 -100.00 -100.00
 168    12.045 56319.52326603 36.64 268.481049  30.876006 24.448 -100.00 -100.00 -100.00
 168    11.985 56319.52326662 37.81 268.482332  30.878412 30.440 -100.00 -100.00 -100.00
 168    12.021 56319.52326721 39.03 268.483616  30.880818   -100 -100.00 -100.00 -100.00
 169    11.143 56329.43890687 32.78 268.480856  30.876613 21.266 -100.00 -100.00 -100.00
 169    11.586 56329.43890746 31.72 268.482140  30.879019 17.738 -100.00 -100.00 -100.00
 169    10.705 56329.43890805 33.23 268.483423  30.881425 23.614 -100.00 -100.00 -100.00
 170    11.985 56339.35454680 33.68 268.481690  30.876894 23.253 -100.00 -100.00 -100.00
 170    12.108 56339.35454739 32.41 268.482973  30.879300 25.036 -100.00 -100.00 -100.00
 170    12.423 56339.35454798 30.35 268.484256  30.881705 20.196 -100.00 -100.00 -100.00
 171    12.472 56349.27018382 34.26 268.482647  30.873153 22.139 -100.00 -100.00 -100.00
 171    12.445 56349.27018441 34.26 268.483930  30.875559 22.625 -100.00 -100.00 -100.00
 171    14.593 56349.27018500 34.56 268.485213  30.877965 23.337 -100.00 -100.00 -100.00
 172     8.746 56359.18581682 52.00 268.480393  30.861327 12.021 -100.00 -100.00 -100.00
 172     8.949 56359.18581741 52.26 268.481675  30.863733  4.485 -100.00 -100.00 -100.00
 172     8.735 56359.18581800 52.17 268.482958  30.866139   -100 -100.00 -100.00 -100.00
 172     8.678 56359.18581859 48.17 268.484240  30.868545 16.888 -100.00 -100.00 -100.00
 172     8.933 56359.18581918 46.08 268.485523  30.870950   -100 -100.00 -100.00 -100.00
 172     8.863 56359.18581977 50.83 268.486806  30.873356 20.938 -100.00 -100.00 -100.00
 173    12.260 56369.10146934 29.36 268.483249  30.871626  9.188 -100.00 -100.00 -100.00
 173    12.069 56369.10146994 28.92 268.484532  30.874032  7.829 -100.00 -100.00 -100.00
 173    11.933 56369.10147053 29.85 268.485815  30.876437 10.720 -100.00 -100.00 -100.00
 175    11.977 56388.93276363 33.60 268.480431  30.878917   -100 -100.00 -100.00 -100.00
 175    11.982 56388.93276422 30.48 268.481714  30.881322 22.513 -100.00 -100.00 -100.00
 175    12.985 56388.93276481 27.06 268.482997  30.883728 11.300 -100.00 -100.00 -100.00
 176    11.968 56398.84840718 34.87 268.479851  30.878893   -100 -100.00 -100.00 -100.00
 176    11.954 56398.84840777 31.54 268.481134  30.881298 32.508 -100.00 -100.00 -100.00
 176    12.640 56398.84840836 26.31 268.482418  30.883704 11.011 -100.00 -100.00 -100.00
 176    13.627 56398.84840895 24.35 268.483701  30.886110  8.372 -100.00 -100.00 -100.00
 177    12.249 56408.76404805 36.25 268.480534  30.877422   -100 -100.00 -100.00 -100.00
 177    12.062 56408.76404864 32.68 268.481817  30.879828   -100 -100.00 -100.00 -100.00
 177    11.985 56408.76404923 31.67 268.483100  30.882233 31.620 -100.00 -100.00 -100.00
 177    12.352 56408.76404983 26.07 268.484383  30.884639 12.876 -100.00 -100.00 -100.00
 178    13.826 56418.67968430 37.59 268.482172  30.874472 28.037 -100.00 -100.00 -100.00
 178    13.781 56418.67968489 37.26 268.483455  30.876878 31.968 -100.00 -100.00 -100.00
 178    13.766 56418.67968548 38.13 268.484738  30.879284   -100 -100.00 -100.00 -100.00
 179    14.327 56428.59531602 39.38 268.481796  30.866531   -100 -100.00 -100.00 -100.00
 179    14.291 56428.59531661 37.25 268.483079  30.868937 30.583 -100.00 -100.00 -100.00
 179    14.275 56428.59531720 36.94 268.484361  30.871343 30.414 -100.00 -100.00 -100.00
 179    14.267 56428.59531779 36.42 268.485644  30.873749 29.374 -100.00 -100.00 -100.00
 180    14.636 56438.51097103 39.75 268.481290  30.873901   -100 -100.00 -100.00 -100.00
 180    14.582 56438.51097162 36.85 268.482572  30.876306 23.790 -100.00 -100.00 -100.00
 180    14.544 56438.51097221 38.79 268.483855  30.878712   -100 -100.00 -100.00 -100.00
 180    14.505 56438.51097280 39.00 268.485138  30.881118   -100 -100.00 -100.00 -100.00
 181    13.659 56448.42662266 37.98 268.480394  30.878234 22.400 -100.00 -100.00 -100.00
 181    13.674 56448.42662325 36.91 268.481677  30.880640 21.695 -100.00 -100.00 -100.00
 181    13.615 56448.42662385 35.45 268.482960  30.883045 17.740 -100.00 -100.00 -100.00
 181    13.593 56448.42662444 37.59 268.484243  30.885451 27.773 -100.00 -100.00 -100.00
 182    13.589 56458.34227147 38.82 268.480082  30.879436   -100 -100.00 -100.00 -100.00
 182    13.495 56458.34227206 38.30 268.481365  30.881841   -100 -100.00 -100.00 -100.00
 182    13.559 56458.34227265 36.40 268.482648  30.884247 31.833 -100.00 -100.00 -100.00
 182    13.510 56458.34227324 37.75 268.483931  30.886652   -100 -100.00 -100.00 -100.00
 183    13.565 56468.25791689 36.06 268.480861  30.879703 29.448 -100.00 -100.00 -100.00
 183    13.430 56468.25791749 37.74 268.482144  30.882108   -100 -100.00 -100.00 -100.00
 183    13.503 56468.25791808 36.86 268.483427  30.884513   -100 -100.00 -100.00 -100.00
 184    12.095 56478.17355741 37.57 268.480476  30.875794 32.522 -100.00 -100.00 -100.00
 184    11.927 56478.17355801 38.02 268.481759  30.878199   -100 -100.00 -100.00 -100.00
 184    11.857 56478.17355860 37.19 268.483041  30.880604   -100 -100.00 -100.00 -100.00
 184    12.125 56478.17355919 33.72 268.484324  30.883010 23.941 -100.00 -100.00 -100.00
 185    12.155 56488.08919466 34.06 268.481618  30.873398 25.121 -100.00 -100.00 -100.00
 185    12.173 56488.08919525 32.66 268.482901  30.875803 18.416 -100.00 -100.00 -100.00
 185    12.037 56488.08919584 32.00 268.484184  30.878209 19.311 -100.00 -100.00 -100.00
 187    12.281 56507.92046184 29.63 268.480134  30.861694 10.450 -100.00 -100.00 -100.00
 187    12.259 56507.92046243 28.56 268.481416  30.864100  9.930 -100.00 -100.00 -100.00
 187    12.296 56507.92046302 27.64 268.482699  30.866505  7.708 -100.00 -100.00 -100.00
 187    12.025 56507.92046361 30.44 268.483981  30.868910 14.166 -100.00 -100.00 -100.00
 187    12.063 56507.92046420 27.45 268.485264  30.871316  7.340 -100.00 -100.00 -100.00
 187    11.847 56507.92046479 27.48 268.486547  30.873721  7.858 -100.00 -100.00 -100.00
 188    12.110 56517.83610003 26.32 268.481467  30.860316 11.995 -100.00 -100.00 -100.00
 188    11.903 56517.83610062 27.53 268.482749  30.862722 14.973 -100.00 -100.00 -100.00
 188    11.953 56517.83610121 25.14 268.484031  30.865127 10.709 -100.00 -100.00 -100.00
 188    11.630 56517.83610180 27.64 268.485314  30.867533 19.177 -100.00 -100.00 -100.00
 188    11.578 56517.83610239 28.85 268.486596  30.869938 21.014 -100.00 -100.00 -100.00
 189    12.071 56527.75175545 28.03 268.481171  30.864701 15.141 -100.00 -100.00 -100.00
 189    12.096 56527.75175604 28.30 268.482454  30.867107 14.994 -100.00 -100.00 -100.00
 189    11.773 56527.75175663 28.81 268.483736  30.869512 15.090 -100.00 -100.00 -100.00
 189    11.653 56527.75175722 28.31 268.485019  30.871918 13.388 -100.00 -100.00 -100.00
 189    11.610 56527.75175781 28.15 268.486301  30.874323 13.418 -100.00 -100.00 -100.00
 190     6.231 56537.66740717 34.28 268.483076  30.871152 31.788 -100.00 -100.00 -100.00
 190     6.232 56537.66740777 34.47 268.484359  30.873557   -100 -100.00 -100.00 -100.00
 190     6.336 56537.66740836 37.12 268.485642  30.875963   -100 -100.00 -100.00 -100.00
 191     5.413 56547.58305365 44.75 268.482068  30.872931   -100 -100.00 -100.00 -100.00
 191     5.172 56547.58305424 44.81 268.483351  30.875337 23.235 -100.00 -100.00 -100.00
 191     5.376 56547.58305483 43.45 268.484634  30.877742   -100 -100.00 -100.00 -100.00
 192    11.874 56557.49869767 23.44 268.481281  30.876438  9.227 -100.00 -100.00 -100.00
 192    12.035 56557.49869827 22.56 268.482564  30.878843  7.939 -100.00 -100.00 -100.00
 192    12.258 56557.49869886 22.91 268.483847  30.881249  9.410 -100.00 -100.00 -100.00
 193     4.470 56567.41434005 28.81 268.480435  30.877224 24.261 -100.00 -100.00 -100.00
 193     4.502 56567.41434064 28.95 268.481718  30.879630 24.862 -100.00 -100.00 -100.00
 193     4.200 56567.41434123 30.98 268.483001  30.882035   -100 -100.00 -100.00 -100.00
 193     6.835 56567.41434182 26.67 268.484284  30.884440 18.497 -100.00 -100.00 -100.00
 194     4.609 56577.32998068 40.75 268.480407  30.875759 28.798 -100.00 -100.00 -100.00
 194     4.864 56577.32998127 41.69 268.481689  30.878165 25.486 -100.00 -100.00 -100.00
 194     4.309 56577.32998186 46.35 268.482972  30.880570   -100 -100.00 -100.00 -100.00
 194     4.092 56577.32998245 47.47 268.484255  30.882975   -100 -100.00 -100.00 -100.00
 195     4.681 56587.24561780 31.58 268.482670  30.873273 24.920 -100.00 -100.00 -100.00
 195     4.913 56587.24561839 26.08 268.483952  30.875678  9.996 -100.00 -100.00 -100.00
 195     4.816 56587.24561898 28.65 268.485235  30.878083 16.332 -100.00 -100.00 -100.00
 196     4.187 56597.16125682 39.83 268.481416  30.866336   -100 -100.00 -100.00 -100.00
 196     3.788 56597.16125741 42.13 268.482699  30.868742  1.832 -100.00 -100.00 -100.00
 196     4.009 56597.16125800 37.42 268.483981  30.871147   -100 -100.00 -100.00 -100.00
 196     3.988 56597.16125859 33.90 268.485264  30.873552 22.604 -100.00 -100.00 -100.00
 197     4.834 56607.07690970 30.86 268.481296  30.872243 24.164 -100.00 -100.00 -100.00
 197     4.895 56607.07691030 31.11 268.482579  30.874649 22.980 -100.00 -100.00 -100.00
 197     4.765 56607.07691089 34.20 268.483861  30.877054   -100 -100.00 -100.00 -100.00
 197     5.051 56607.07691148 34.98 268.485144  30.879460   -100 -100.00 -100.00 -100.00
 198     5.415 56616.99255783 42.50 268.481601  30.877688   -100 -100.00 -100.00 -100.00
 198     5.024 56616.99255842 55.20 268.482884  30.880094 20.764 -100.00 -100.00 -100.00
 198     5.376 56616.99255901 53.25 268.484167  30.882499   -100 -100.00 -100.00 -100.00
 199     7.073 56626.90820159 32.74 268.481131  30.877811 22.829 -100.00 -100.00 -100.00
 199     7.245 56626.90820218 28.19 268.482413  30.880216 12.137 -100.00 -100.00 -100.00
 199     7.453 56626.90820277 29.54 268.483696  30.882622 15.311 -100.00 -100.00 -100.00
 200    11.895 56636.82384242 25.88 268.481868  30.876156 14.195 -100.00 -100.00 -100.00
 200    12.169 56636.82384301 28.12 268.483151  30.878561 21.113 -100.00 -100.00 -100.00
 200    12.442 56636.82384360 29.42 268.484434  30.880967 24.394 -100.00 -100.00 -100.00
 201    11.192 56646.73948321 23.47 268.482514  30.872054 13.144 -100.00 -100.00 -100.00
 201    11.637 56646.73948380 23.67 268.483797  30.874460 12.672 -100.00 -100.00 -100.00
 201    11.893 56646.73948439 25.59 268.485080  30.876866 17.381 -100.00 -100.00 -100.00
 202    11.180 56656.65513600 30.69 268.481486  30.873821 10.662 -100.00 -100.00 -100.00
 202    11.220 56656.65513659 32.60 268.482769  30.876227 14.768 -100.00 -100.00 -100.00
 202    11.657 56656.65513718 31.72 268.484052  30.878632 11.709 -100.00 -100.00 -100.00
 203    11.451 56666.57078438 32.66 268.480847  30.875864 32.645 -100.00 -100.00 -100.00
 203    11.520 56666.57078497 33.91 268.482130  30.878270   -100 -100.00 -100.00 -100.00
 203    11.704 56666.57078556 31.38 268.483413  30.880676 28.401 -100.00 -100.00 -100.00
 203    11.955 56666.57078615 30.71 268.484697  30.883081 24.526 -100.00 -100.00 -100.00
 205     9.770 56686.40207375 36.80 268.480224  30.878336   -100 -100.00 -100.00 -100.00
 205    10.143 56686.40207434 32.12 268.481507  30.880741 26.971 -100.00 -100.00 -100.00
 205     9.979 56686.40207493 33.34 268.482790  30.883147 28.946 -100.00 -100.00 -100.00
 205     9.905 56686.40207552 32.10 268.484074  30.885553 32.168 -100.00 -100.00 -100.00
 206    11.457 56696.31771516 30.65 268.480786  30.876507 15.761 -100.00 -100.00 -100.00
 206    12.023 56696.31771575 29.01 268.482069  30.878913 11.824 -100.00 -100.00 -100.00
 206    12.161 56696.31771635 28.68 268.483353  30.881319 12.570 -100.00 -100.00 -100.00
 206    12.457 56696.31771694 27.35 268.484636  30.883724 10.020 -100.00 -100.00 -100.00
 207    11.241 56706.23335159 31.62 268.482326  30.872023 23.563 -100.00 -100.00 -100.00
 207    11.815 56706.23335218 29.68 268.483609  30.874429 16.819 -100.00 -100.00 -100.00
 207    12.105 56706.23335277 30.28 268.484892  30.876835 19.521 -100.00 -100.00 -100.00
 208    11.613 56716.14898197 30.74 268.479866  30.859718 14.765 -100.00 -100.00 -100.00
 208    12.017 56716.14898256 28.32 268.481149  30.862124  7.738 -100.00 -100.00 -100.00
 208    12.257 56716.14898315 27.67 268.482431  30.864530  6.542 -100.00 -100.00 -100.00
 208    12.546 56716.14898374 27.41 268.483714  30.866935  7.604 -100.00 -100.00 -100.00
 208    12.645 56716.14898433 28.74 268.484997  30.869341 10.131 -100.00 -100.00 -100.00
 208    12.894 56716.14898492 29.71 268.486280  30.871747  9.353 -100.00 -100.00 -100.00
 209    11.661 56726.06463834 31.51 268.482573  30.874471 15.320 -100.00 -100.00 -100.00
 209    11.930 56726.06463893 31.53 268.483856  30.876877 15.308 -100.00 -100.00 -100.00
 209    12.347 56726.06463952 30.84 268.485139  30.879282 13.820 -100.00 -100.00 -100.00
 211    12.314 56745.89593549 28.79 268.479508  30.883405 15.349 -100.00 -100.00 -100.00
 211    13.115 56745.89593608 28.70 268.480791  30.885811 14.343 -100.00 -100.00 -100.00
 211    13.649 56745.89593667 29.01 268.482074  30.888216 15.679 -100.00 -100.00 -100.00
 212    12.116 56755.81157702 26.22 268.480032  30.881093 11.705 -100.00 -100.00 -100.00
 212    13.473 56755.81157761 25.39 268.481315  30.883499 11.408 -100.00 -100.00 -100.00
 212    13.296 56755.81157820 26.98 268.482598  30.885904 13.983 -100.00 -100.00 -100.00
 213    13.060 56765.72721233 49.35 268.482123  30.875413 19.300 -100.00 -100.00 -100.00
 213    13.063 56765.72721292 50.50 268.483406  30.877819 32.684 -100.00 -100.00 -100.00
 213    13.113 56765.72721351 47.37 268.484689  30.880225 13.443 -100.00 -100.00 -100.00
 214    12.466 56775.64285121 36.72 268.482106  30.870585   -100 -100.00 -100.00 -100.00
 214    12.547 56775.64285180 34.47 268.483389  30.872991 29.970 -100.00 -100.00 -100.00
 214    12.645 56775.64285239 34.10 268.484672  30.875397 29.383 -100.00 -100.00 -100.00
 214    12.571 56775.64285299 35.04 268.485955  30.877803   -100 -100.00 -100.00 -100.00
 215    11.944 56785.55850879 37.09 268.480049  30.876560   -100 -100.00 -100.00 -100.00
 215    11.882 56785.55850938 33.05 268.481332  30.878965   -100 -100.00 -100.00 -100.00
 215    11.884 56785.55850997 26.80 268.482615  30.881371 16.115 -100.00 -100.00 -100.00
 215    12.358 56785.55851056 24.37 268.483899  30.883777 11.857 -100.00 -100.00 -100.00
 216    11.828 56795.47416286 39.50 268.478810  30.883825   -100 -100.00 -100.00 -100.00
 216    11.753 56795.47416345 38.55 268.480093  30.886231   -100 -100.00 -100.00 -100.00
 216    11.706 56795.47416404 34.28 268.481377  30.888636 27.905 -100.00 -100.00 -100.00
 216    11.609 56795.47416463 34.68 268.482660  30.891042 31.381 -100.00 -100.00 -100.00
 217    12.021 56805.38981179 38.00 268.477855  30.886558   -100 -100.00 -100.00 -100.00
 217    11.635 56805.38981238 32.25 268.479138  30.888964   -100 -100.00 -100.00 -100.00
 217    13.807 56805.38981297 29.34 268.480421  30.891369 26.830 -100.00 -100.00 -100.00
 217    14.287 56805.38981356 27.21 268.481705  30.893775 17.359 -100.00 -100.00 -100.00
 219    11.811 56825.22109054 34.20 268.481100  30.879379 30.142 -100.00 -100.00 -100.00
 219    11.602 56825.22109113 33.04 268.482383  30.881784 31.929 -100.00 -100.00 -100.00
 219    11.212 56825.22109172 32.35 268.483666  30.884190 29.493 -100.00 -100.00 -100.00
 220    12.213 56835.13672391 35.15 268.482082  30.872928 29.940 -100.00 -100.00 -100.00
 220    12.204 56835.13672450 30.22 268.483364  30.875333 14.373 -100.00 -100.00 -100.00
 220    12.252 56835.13672509 28.38 268.484647  30.877739 10.128 -100.00 -100.00 -100.00
 221    12.288 56845.05235346 27.34 268.480886  30.864042  6.519 -100.00 -100.00 -100.00
 221    12.238 56845.05235405 28.23 268.482168  30.866447  7.590 -100.00 -100.00 -100.00
 221    12.081 56845.05235464 29.85 268.483451  30.868852 10.675 -100.00 -100.00 -100.00
 221    11.982 56845.05235523 29.22 268.484734  30.871258  8.925 -100.00 -100.00 -100.00
 221    11.788 56845.05235582 29.86 268.486016  30.873663 10.669 -100.00 -100.00 -100.00
 222    11.754 56854.96800079 34.79 268.482312  30.870449 31.378 -100.00 -100.00 -100.00
 222    10.069 56854.96800138 38.06 268.483595  30.872854   -100 -100.00 -100.00 -100.00
 222    10.082 56854.96800198 40.76 268.484877  30.875259   -100 -100.00 -100.00 -100.00
 223     9.928 56864.88365576 42.09 268.481769  30.876258   -100 -100.00 -100.00 -100.00
 223     9.970 56864.88365635 44.27 268.483051  30.878663  6.052 -100.00 -100.00 -100.00
 223    10.145 56864.88365694 42.50 268.484334  30.881069   -100 -100.00 -100.00 -100.00
 224    11.794 56874.79930934 29.82 268.481230  30.878807 17.371 -100.00 -100.00 -100.00
 224    11.293 56874.79930994 28.06 268.482513  30.881212 15.370 -100.00 -100.00 -100.00
 224     7.440 56874.79931053 28.48 268.483796  30.883617 16.773 -100.00 -100.00 -100.00
 225    11.016 56884.71495909 40.95 268.480099  30.878187 29.968 -100.00 -100.00 -100.00
 225     5.980 56884.71495968 41.09 268.481382  30.880593   -100 -100.00 -100.00 -100.00
 225     5.768 56884.71496027 42.05 268.482665  30.882998  2.690 -100.00 -100.00 -100.00
 225     6.042 56884.71496086 37.51 268.483948  30.885403   -100 -100.00 -100.00 -100.00
 226     5.638 56894.63060641 37.96 268.480674  30.880342   -100 -100.00 -100.00 -100.00
 226     5.463 56894.63060700 38.73 268.481957  30.882747   -100 -100.00 -100.00 -100.00
 226     5.709 56894.63060759 34.00 268.483241  30.885152 23.159 -100.00 -100.00 -100.00
 227     6.335 56904.54624996 35.32 268.479377  30.881289   -100 -100.00 -100.00 -100.00
 227     6.304 56904.54625056 36.26 268.480660  30.883695   -100 -100.00 -100.00 -100.00
 227     6.211 56904.54625115 30.98 268.481943  30.886100 32.246 -100.00 -100.00 -100.00
 227     6.155 56904.54625174 31.49 268.483226  30.888505   -100 -100.00 -100.00 -100.00
 228     6.809 56914.46189150 37.87 268.478241  30.883474 29.012 -100.00 -100.00 -100.00
 228     6.482 56914.46189210 44.89 268.479524  30.885879   -100 -100.00 -100.00 -100.00
 228     6.616 56914.46189269 47.34 268.480807  30.888284   -100 -100.00 -100.00 -100.00
 228     6.420 56914.46189328 49.08 268.482090  30.890690  1.214 -100.00 -100.00 -100.00
 229     8.105 56924.37753075 32.96 268.478269  30.883135 30.109 -100.00 -100.00 -100.00
 229     7.951 56924.37753134 38.18 268.479552  30.885541   -100 -100.00 -100.00 -100.00
 229     7.712 56924.37753193 30.30 268.480835  30.887946 22.599 -100.00 -100.00 -100.00
 229     7.870 56924.37753252 25.93 268.482118  30.890351 11.485 -100.00 -100.00 -100.00
 230     6.356 56934.29316687 33.46 268.480191  30.879833 30.832 -100.00 -100.00 -100.00
 230     6.069 56934.29316746 35.24 268.481473  30.882239   -100 -100.00 -100.00 -100.00
 230     6.303 56934.29316805 30.40 268.482756  30.884644 21.489 -100.00 -100.00 -100.00
 231     9.878 56944.20879685 30.56 268.482727  30.871827 28.195 -100.00 -100.00 -100.00
 231     6.028 56944.20879744 31.87 268.484009  30.874232   -100 -100.00 -100.00 -100.00
 231     6.249 56944.20879803 28.03 268.485292  30.876637 20.870 -100.00 -100.00 -100.00
 232     9.994 56954.12444499 28.35 268.483333  30.871766 17.071 -100.00 -100.00 -100.00
 232    10.437 56954.12444558 29.07 268.484616  30.874172 16.938 -100.00 -100.00 -100.00
 232    10.755 56954.12444617 26.47 268.485898  30.876577 12.013 -100.00 -100.00 -100.00
 233     7.671 56964.04009527 34.41 268.481370  30.873727 20.076 -100.00 -100.00 -100.00
 233     7.605 56964.04009586 33.35 268.482653  30.876132 16.885 -100.00 -100.00 -100.00
 233     7.564 56964.04009645 35.90 268.483936  30.878537 28.469 -100.00 -100.00 -100.00
 233     7.923 56964.04009704 38.62 268.485219  30.880943 31.991 -100.00 -100.00 -100.00
 234     9.959 56973.95574180 21.40 268.480962  30.878716 12.601 -100.00 -100.00 -100.00
 234     9.846 56973.95574239 25.07 268.482245  30.881121 22.356 -100.00 -100.00 -100.00
 234     5.723 56973.95574298 27.32 268.483528  30.883526 30.825 -100.00 -100.00 -100.00
 235     9.948 56983.87138278 19.34 268.479879  30.877402  9.003 -100.00 -100.00 -100.00
 235    10.036 56983.87138337 19.63 268.481162  30.879808 10.778 -100.00 -100.00 -100.00
 235    10.050 56983.87138396 20.81 268.482444  30.882213 13.214 -100.00 -100.00 -100.00
 235    14.687 56983.87138455 19.21 268.483727  30.884618  9.735 -100.00 -100.00 -100.00
 236    10.321 56993.78701888 21.12 268.482200  30.874349 11.104 -100.00 -100.00 -100.00
 236    12.228 56993.78701947 18.12 268.483482  30.876754  5.865 -100.00 -100.00 -100.00
 236    12.640 56993.78702006 18.20 268.484765  30.879160  6.576 -100.00 -100.00 -100.00
 237     6.912 57003.70265429 51.53 268.480115  30.860944   -100 -100.00 -100.00 -100.00
 237     6.640 57003.70265488 53.55 268.481397  30.863349   -100 -100.00 -100.00 -100.00
 237     6.905 57003.70265548 50.44 268.482680  30.865755   -100 -100.00 -100.00 -100.00
 237     6.799 57003.70265607 52.08 268.483963  30.868161 27.467 -100.00 -100.00 -100.00
 237     6.708 57003.70265666 47.03 268.485245  30.870566 13.686 -100.00 -100.00 -100.00
 237     6.648 57003.70265725 52.31 268.486528  30.872972   -100 -100.00 -100.00 -100.00
 238     8.603 57013.61831326 30.78 268.483054  30.871359 13.081 -100.00 -100.00 -100.00
 238     8.553 57013.61831385 31.61 268.484337  30.873765 15.484 -100.00 -100.00 -100.00
 238     8.522 57013.61831445 33.14 268.485620  30.876171 22.624 -100.00 -100.00 -100.00
 239     6.936 57023.53396510 32.53 268.481838  30.875081 23.564 -100.00 -100.00 -100.00
 239     6.869 57023.53396569 35.43 268.483121  30.877486   -100 -100.00 -100.00 -100.00
 239     6.905 57023.53396628 36.09 268.484404  30.879892   -100 -100.00 -100.00 -100.00
 240     9.614 57033.44961411 32.91 268.480544  30.878659 25.300 -100.00 -100.00 -100.00
 240     9.552 57033.44961470 33.34 268.481827  30.881064   -100 -100.00 -100.00 -100.00
 240    11.796 57033.44961529 29.78 268.483110  30.883470 20.321 -100.00 -100.00 -100.00
 241     8.336 57043.36525992 36.28 268.479433  30.878523   -100 -100.00 -100.00 -100.00
 241     8.513 57043.36526051 33.12 268.480716  30.880929 24.940 -100.00 -100.00 -100.00
 241     8.476 57043.36526110 35.15 268.481999  30.883334 30.598 -100.00 -100.00 -100.00
 241     8.660 57043.36526169 30.37 268.483283  30.885740 16.409 -100.00 -100.00 -100.00
 242     7.114 57053.28090359 40.74 268.480963  30.878790   -100 -100.00 -100.00 -100.00
 242     6.954 57053.28090418 43.26 268.482246  30.881196  3.048 -100.00 -100.00 -100.00
 242     6.844 57053.28090477 41.70 268.483529  30.883601  0.611 -100.00 -100.00 -100.00
 243     6.203 57063.19654146 35.31 268.481294  30.873015 27.214 -100.00 -100.00 -100.00
 243     6.176 57063.19654205 31.54 268.482577  30.875421 16.748 -100.00 -100.00 -100.00
 243    11.738 57063.19654264 29.39 268.483860  30.877826 12.138 -100.00 -100.00 -100.00
 243    12.022 57063.19654323 29.71 268.485143  30.880232 13.465 -100.00 -100.00 -100.00
 244    10.399 57073.11217462 30.31 268.482131  30.868551 14.342 -100.00 -100.00 -100.00
 244     6.012 57073.11217521 32.52 268.483414  30.870956 19.876 -100.00 -100.00 -100.00
 244    11.553 57073.11217580 28.25 268.484697  30.873362 12.976 -100.00 -100.00 -100.00
 244    11.901 57073.11217639 26.79 268.485980  30.875768  8.713 -100.00 -100.00 -100.00
 245     8.531 57083.02780332 45.73 268.480457  30.860791  5.324 -100.00 -100.00 -100.00
 245     8.256 57083.02780391 41.98 268.481740  30.863197 28.421 -100.00 -100.00 -100.00
 245     8.535 57083.02780450 33.55 268.483022  30.865603   -100 -100.00 -100.00 -100.00
 245     8.377 57083.02780509 29.82 268.484305  30.868009 23.073 -100.00 -100.00 -100.00
 245     8.265 57083.02780568 27.60 268.485588  30.870414 17.629 -100.00 -100.00 -100.00
 245     8.702 57083.02780627 27.41 268.486870  30.872820 16.586 -100.00 -100.00 -100.00
 246    10.968 57092.94345395 33.79 268.481854  30.871156 21.290 -100.00 -100.00 -100.00
 246    10.852 57092.94345454 35.82 268.483137  30.873562   -100 -100.00 -100.00 -100.00
 246    10.779 57092.94345513 38.51 268.484419  30.875967   -100 -100.00 -100.00 -100.00
 246    10.778 57092.94345572 36.44 268.485702  30.878373   -100 -100.00 -100.00 -100.00
 247    13.533 57102.85911278 37.30 268.480533  30.879503 28.380 -100.00 -100.00 -100.00
 247    13.390 57102.85911337 37.90 268.481816  30.881909   -100 -100.00 -100.00 -100.00
 247    13.443 57102.85911396 36.55 268.483099  30.884314   -100 -100.00 -100.00 -100.00
 248    14.529 57112.77476674 39.96 268.480049  30.881760   -100 -100.00 -100.00 -100.00
 248    14.426 57112.77476733 41.24 268.481332  30.884166   -100 -100.00 -100.00 -100.00
 248    14.689 57112.77476792 38.65 268.482615  30.886572 30.125 -100.00 -100.00 -100.00
 249    14.033 57122.69041357 38.28 268.479911  30.878239 26.937 -100.00 -100.00 -100.00
 249    14.011 57122.69041416 38.09 268.481194  30.880644 31.048 -100.00 -100.00 -100.00
 249    13.933 57122.69041475 37.02 268.482477  30.883050 30.107 -100.00 -100.00 -100.00
 249    13.900 57122.69041534 38.41 268.483760  30.885456   -100 -100.00 -100.00 -100.00
 250    13.673 57132.60605506 38.27 268.480452  30.875911   -100 -100.00 -100.00 -100.00
 250    13.671 57132.60605565 36.86 268.481735  30.878317 29.803 -100.00 -100.00 -100.00
 250    13.636 57132.60605624 36.69 268.483018  30.880723 29.644 -100.00 -100.00 -100.00
 250    13.584 57132.60605683 38.37 268.484301  30.883128   -100 -100.00 -100.00 -100.00
