#  176.000  -0.045   2.673 ;Mean Elev.(m), Avg Gradient(m/km), RMS Gradient(m/km) - SRTM1     
#    0.000   0.000   0.000 ;Mean Elev.(m), Avg Gradient(m/km), RMS Gradient(m/km) - ASTER GDEM
#  176.029   0.055   2.970 ;Mean Elev.(m), Avg Gradient(m/km), RMS Gradient(m/km) - GMTED2010 
   1 269.827165  41.865057   174.865   174.920  3 54667.59554941 36.332
   2 269.827570  41.868469   174.166   174.154  4 54677.51119442 39.895
   3 269.829087  41.872195   174.079   174.081  4 54687.42683818 41.035
   4 269.827621  41.868451   174.101   173.992  4 54697.34247837 52.326
   5 269.826841  41.863139   173.813   173.838  3 54707.25811838 46.419
   6 269.826890  41.863086   176.438   176.438  2 54717.17377015 24.521
   7 269.826976  41.863793   173.817   173.817  2 54727.08941967 50.060
   8 269.828276  41.869193   173.853   173.834  4 54737.00506873 37.961
   9 269.835193  41.883339   175.255   173.957  9 54746.92071965 37.491
  10 269.833979  41.885262   174.285   174.184  6 54756.83636717 34.829
  11 269.836909  41.887877   174.545   174.200  9 54766.75201337 35.097
  12 269.830249  41.874522   172.970   172.948  4 54776.66765248 29.599
  13 269.827421  41.866852   174.156   174.129  4 54786.58329048 41.048
  14 269.827121  41.865232   174.229   174.346  3 54796.49892847 48.786
  17 269.827688  41.866085   174.008   174.001  3 54826.24585123 21.399
  18 269.828822  41.871024   174.079   174.060  4 54836.16149144 39.843
  19 269.836094  41.885433   174.327   174.003  9 54846.07714436 37.510
  20 269.836169  41.889663   175.215   175.228  4 54855.99279421 29.806
  24 269.836836  41.888798   175.580   175.796  6 54895.65537998 34.970
  25 269.836889  41.887474   175.257   175.183  9 54905.57101919 49.795
  26 269.835693  41.885213   176.216   175.093  9 54915.48665675 33.986
  27 269.835670  41.884518   175.663   175.612  9 54925.40229427 43.510
  28 269.830912  41.875682   175.621   175.605  4 54935.31792911 28.803
  29 269.826290  41.864083   174.980   174.926  3 54945.23356150 53.602
  30 269.824530  41.854051   175.295   175.265  4 54955.14919204 36.015
  31 269.824061  41.853944   177.672   178.202  4 54965.06483876 30.451
  32 269.826440  41.860648   174.308   174.308  2 54974.98048833 36.610
  33 269.827168  41.865756   174.348   174.363  4 54984.89613725 37.752
  34 269.828727  41.870113   174.360   174.316  4 54994.81178608 29.997
  35 269.829394  41.872495   174.660   174.621  4 55004.72743306 34.652
  36 269.831558  41.876895   174.171   174.189  4 55014.64307831 29.514
  37 269.835136  41.883090   174.172   173.903  9 55024.55872253 40.975
  38 269.836205  41.886201   174.254   173.991  9 55034.47436523 49.313
  39 269.835677  41.884366   174.871   174.032  8 55044.39000605 31.408
  40 269.827391  41.868387   174.594   174.472  4 55054.30564179 50.857
  41 269.826251  41.860501   175.274   174.105  3 55064.22127749 31.275
  42 269.826212  41.860793   174.689   174.689  2 55074.13692381 52.313
  43 269.827897  41.867012   173.958   173.971  3 55084.05257314 48.695
  44 269.829939  41.874144   173.752   173.751  4 55093.96822132 31.611
  45 269.835087  41.883063   173.881   173.853  9 55103.88387008 33.109
  46 269.835670  41.884091   174.040   174.023  8 55113.79951675 39.000
  47 269.830256  41.874969   173.963   173.942  4 55123.71515852 24.784
  48 269.828885  41.870649   176.123   174.892  4 55133.63079864 28.766
  49 269.827345  41.867187   175.232   174.961  3 55143.54643664 31.638
  50 269.827559  41.867711   175.054   174.489  3 55153.46207473 32.811
  51 269.827634  41.867370   174.384   174.385  3 55163.37771290 51.121
  52 269.826622  41.864104   174.134   174.125  3 55173.29335011 49.932
  53 269.826354  41.860337   173.967   173.857  3 55183.20898665 44.537
  54 269.827755  41.866782   174.710   174.701  3 55193.12463914 47.049
  55 269.834396  41.881716   174.163   174.158  8 55203.04029257 40.146
  56 269.833041  41.884924   174.195   174.231  5 55212.95594256 35.866
  57 269.835426  41.889392   175.713   175.713  2 55222.87159275 32.672
  58 269.834588  41.886564   174.153   174.101  4 55232.78723990 37.218
  59 269.835314  41.883498   174.073   174.016  8 55242.70288389 43.008
  60 269.832305  41.878327   174.252   174.253  6 55252.61852374 44.101
  61 269.835901  41.884524   174.461   174.190  9 55262.53416391 47.963
  62 269.836328  41.886222   175.827   175.886  8 55272.44980181 45.879
  63 269.832888  41.879332   176.431   176.276  6 55282.36543747 42.020
  64 269.826723  41.865487   176.500   176.501  3 55292.28107036 42.024
  65 269.825686  41.857400   175.535   175.532  3 55302.19670350 37.295
  66 269.826489  41.859528   174.759   174.759  2 55312.11235146 34.160
  67 269.826530  41.862717   175.136   174.633  3 55322.02799741 33.018
  68 269.828218  41.868786   175.595   175.417  4 55331.94364302 35.658
  69 269.829445  41.873016   175.746   175.063  4 55341.85928829 26.056
  70 269.829278  41.872442   178.770   178.396  4 55351.77493233 22.060
  71 269.827525  41.868621   174.519   174.482  4 55361.69057340 45.274
  72 269.827643  41.868576   176.235   175.521  4 55371.60621317 32.067
  74 269.828500  41.870247   175.431   175.433  4 55391.43748913 45.549
  75 269.827037  41.864380   176.216   176.216  2 55401.35312389 53.531
  76 269.826580  41.861826   175.753   175.753  2 55411.26877271 52.575
  77 269.826348  41.860340   174.972   175.083  3 55421.18442200 49.284
  78 269.826965  41.862433   175.800   175.815  3 55431.10006924 45.639
  79 269.827500  41.868181   174.994   174.990  4 55441.01571509 41.980
  80 269.833734  41.880475   174.480   174.450  6 55450.93136134 30.285
  81 269.834034  41.881059   174.598   174.627  7 55460.84700430 28.549
  82 269.827612  41.868683   176.805   176.814  4 55470.76264303 32.970
  83 269.826331  41.861806   177.119   177.108  3 55480.67828024 37.155
  84 269.825635  41.857371   175.783   175.771  3 55490.59391536 45.342
  85 269.825938  41.856742   174.920   174.924  3 55500.50954902 39.981
  86 269.826772  41.861600   175.915   175.915  2 55510.42519213 51.301
  87 269.827820  41.868016   175.197   175.193  4 55520.34084302 52.772
  88 269.829021  41.871649   174.864   174.840  3 55530.25649236 31.585
  89 269.829336  41.872400   174.137   174.140  4 55540.17213946 33.624
  90 269.830049  41.874191   174.621   174.608  4 55550.08778473 36.765
  91 269.835504  41.884296   175.455   175.606  8 55560.00343050 33.299
  92 269.836421  41.887582   175.562   175.602  8 55569.91907386 35.175
  93 269.835692  41.885165   175.458   175.576  9 55579.83471506 36.223
  94 269.828516  41.870245   174.426   174.423  4 55589.75035063 30.859
  95 269.826471  41.859868   174.313   174.313  2 55599.66598434 27.040
  96 269.824669  41.852742   174.285   174.268  4 55609.58161617 37.993
  97 269.824061  41.851051   174.982   174.981  4 55619.49724740 54.797
  98 269.826756  41.861747   175.271   175.232  3 55629.41289897 38.825
  99 269.826685  41.865250   174.690   174.692  3 55639.32855029 53.233
 100 269.826724  41.864120   176.730   176.720  3 55649.24419844 52.820
 101 269.826528  41.861426   177.208   177.206  3 55659.15984312 44.181
 102 269.826991  41.861794   178.177   178.177  2 55669.07548481 50.630
 103 269.826429  41.863174   177.776   177.776  3 55678.99112451 48.456
 104 269.826571  41.864862   176.955   176.980  3 55688.90676254 33.726
 105 269.826869  41.864338   176.311   176.326  3 55698.82239876 39.749
 106 269.826563  41.860723   175.777   175.777  2 55708.73803542 35.891
 107 269.826821  41.863094   175.985   175.985  2 55718.65368674 35.989
 108 269.827207  41.866720   175.988   175.854  4 55728.56933570 36.347
 109 269.829735  41.873053   175.580   175.577  4 55738.48498374 42.957
 110 269.833804  41.880518   176.201   176.193  6 55748.40063080 50.604
 111 269.830448  41.875293   175.317   175.339  4 55758.31627248 28.493
 112 269.827111  41.866756   175.759   175.757  3 55768.23191081 51.034
 113 269.826868  41.860958   175.752   175.747  3 55778.14754689 51.286
 114 269.824415  41.853708   175.500   175.488  4 55788.06318010 40.037
 115 269.824637  41.852664   175.515   174.832  4 55797.97881352 32.209
 116 269.826075  41.858125   174.530   174.530  2 55807.89445903 43.197
 117 269.826473  41.861868   174.228   174.296  3 55817.81010908 30.610
 118 269.826943  41.860860   173.933   173.916  3 55827.72575445 35.725
 119 269.824553  41.854676   174.080   173.995  4 55837.64139416 46.711
 120 269.824107  41.852342   174.088   174.081  4 55847.55703153 49.501
 121 269.824087  41.852502   174.170   174.165  4 55857.47266694 54.449
 122 269.826590  41.860476   173.961   173.917  3 55867.38831367 32.358
 123 269.827113  41.866434   174.262   174.131  3 55877.30396669 50.765
 133 269.826775  41.863926   174.235   174.196  3 55976.46039751 47.945
 134 269.826981  41.862688   175.571   174.075  3 55986.37603324 34.456
 135 269.825453  41.857048   173.955   173.939  3 55996.29166853 34.726
 136 269.826548  41.859846   174.942   174.942  2 56006.20732051 34.100
 137 269.826713  41.861021   174.667   174.677  3 56016.12296812 37.832
 139 269.828162  41.869613   175.321   175.346  4 56035.95425748 25.822
 141 269.827636  41.868092   175.179   175.107  4 56055.78553652 30.173
 142 269.826298  41.861658   175.643   175.643  2 56065.70116937 36.247
 143 269.826991  41.863797   174.479   174.479  2 56075.61681598 29.849
 144 269.828859  41.870589   175.576   175.571  4 56085.53246664 44.206
 145 269.829868  41.873844   175.309   175.316  4 56095.44811403 39.797
 146 269.828901  41.871745   175.343   175.337  4 56105.36375806 32.513
 147 269.827637  41.867019   175.401   175.400  3 56115.27938707 47.557
 148 269.826598  41.861616   174.337   174.337  2 56125.19502383 45.928
 149 269.824031  41.853995   174.213   174.170  4 56135.11065614 46.137
 150 269.826119  41.857247   174.029   174.075  3 56145.02629836 36.069
 151 269.826637  41.862191   175.556   176.335  3 56154.94194953 28.541
 152 269.827152  41.865811   177.416   176.408  3 56164.85759948 21.661
 153 269.827839  41.867119   173.790   173.800  3 56174.77324684 33.824
 154 269.826738  41.863633   175.603   176.429  3 56184.68888800 26.032
 155 269.826315  41.861095   174.678   173.758  3 56194.60452552 30.893
 156 269.826247  41.860436   173.727   173.727  2 56204.52016039 36.303
 157 269.826530  41.860043   173.943   173.943  2 56214.43579365 53.711
 158 269.826176  41.858211   173.748   173.734  3 56224.35142906 50.934
 159 269.826634  41.862776   174.087   174.087  2 56234.26708561 48.200
 160 269.827710  41.866502   173.979   173.827  3 56244.18273816 45.186
 161 269.827324  41.868102   173.951   174.025  4 56254.09838540 30.371
 162 269.830061  41.873338   173.871   173.783  4 56264.01402951 53.541
 164 269.828969  41.871357   173.900   173.861  4 56283.84531457 40.173
 165 269.827649  41.869206   173.936   173.980  4 56293.76096572 44.062
 166 269.828318  41.869249   173.859   173.851  4 56303.67661306 41.777
 167 269.828067  41.869600   173.868   173.785  4 56313.59225621 44.946
 168 269.830503  41.874338   174.013   173.907  4 56323.50789812 48.206
 169 269.830687  41.874776   173.953   173.950  4 56333.42353821 46.002
 170 269.827550  41.867671   174.243   174.145  3 56343.33917598 49.472
 171 269.826890  41.861349   173.915   173.785  3 56353.25481181 50.804
 172 269.826893  41.859396   175.165   175.153  3 56363.17045364 38.694
 173 269.826698  41.863446   174.546   174.546  2 56373.08610331 46.890
 175 269.835916  41.885501   176.245   175.723  9 56392.91739900 35.499
 176 269.835667  41.884526   177.640   177.610  9 56402.83304151 46.825
 177 269.830309  41.874022   176.386   176.392  4 56412.74867892 26.291
 178 269.827128  41.863935   176.750   176.731  3 56422.66431155 31.667
 179 269.826962  41.863672   176.504   176.533  3 56432.57995363 33.247
 180 269.830333  41.874670   176.055   176.339  4 56442.49560835 29.199
 181 269.836884  41.887376   177.009   176.954  9 56452.41126104 47.297
 182 269.835494  41.884774   176.311   176.229  9 56462.32690757 46.909
 183 269.830974  41.875279   177.612   177.600  4 56472.24254924 52.312
 184 269.826985  41.865748   176.505   176.507  3 56482.15818753 35.233
 185 269.826863  41.863647   175.585   175.585  2 56492.07382405 33.094
 187 269.826115  41.858597   174.198   174.282  3 56511.90509090 32.065
 188 269.826021  41.858569   173.970   173.969  3 56521.82073763 34.183
 189 269.826540  41.860837   173.923   173.945  3 56531.73639119 29.043
 191 269.827783  41.866310   176.822   176.380  3 56551.56768665 23.626
 192 269.829622  41.873136   173.798   173.717  4 56561.48333077 35.652
 193 269.835148  41.883100   174.056   174.087  9 56571.39897455 37.914
 194 269.831735  41.877376   173.965   173.966  4 56581.31461295 26.970
 195 269.826349  41.863271   174.187   174.195  3 56591.23024539 29.070
 196 269.826532  41.862566   173.968   173.968  2 56601.14589368 51.747
 197 269.827701  41.867395   174.295   174.292  3 56611.06154467 38.101
 198 269.829835  41.873989   173.902   173.913  4 56620.97719164 28.238
 199 269.834708  41.882110   174.038   173.980  7 56630.89283621 49.608
 200 269.828654  41.870538   173.917   173.941  4 56640.80847235 34.015
 201 269.826560  41.864438   174.419   174.192  3 56650.72411864 25.197
 202 269.827006  41.864772   173.953   173.948  3 56660.63976949 20.678
 203 269.827135  41.867252   174.049   174.036  4 56670.55541712 31.613
 205 269.835463  41.883448   174.538   174.736  8 56690.38670870 22.800
 206 269.829712  41.872631   175.120   174.067  4 56700.30234575 18.355
 207 269.826548  41.861584   174.036   174.039  3 56710.21797829 30.712
 208 269.826201  41.859852   173.183   173.183  2 56720.13361975 27.741
 209 269.827439  41.867639   174.718   174.719  4 56730.04927337 43.606
 211 269.833106  41.885071   175.097   175.096  5 56749.88056984 34.822
 212 269.836310  41.886396   175.233   175.225  8 56759.79620988 31.406
 213 269.827849  41.867621   176.995   176.979  3 56769.71183867 32.773
 214 269.827923  41.868346   177.241   176.874  3 56779.62748950 32.269
 215 269.834001  41.881044   177.566   177.511  7 56789.54314778 49.608
 216 269.837413  41.891322   177.396   177.348  3 56799.45880188 37.207
 219 269.830278  41.874581   176.826   176.832  4 56829.20571994 33.746
 220 269.826499  41.861363   177.326   177.326  2 56839.12135033 38.436
 221 269.824041  41.852974   177.355   177.331  5 56849.03698076 38.012
 222 269.826338  41.863289   175.768   175.728  3 56858.95263759 34.652
 223 269.830405  41.874635   174.373   174.380  4 56868.86829388 28.045
 224 269.835188  41.883418   174.239   174.382  9 56878.78394759 31.530
 225 269.835626  41.884087   174.066   173.969  8 56888.69959599 30.667
 226 269.835877  41.884414   174.394   174.380  8 56898.61524149 32.251
 227 269.836242  41.887201   174.961   174.878  8 56908.53088489 42.926
 228 269.834099  41.886824   176.120   175.800  3 56918.44652540 42.462
 229 269.834428  41.886773   175.347   174.664  3 56928.36216408 48.718
 230 269.834820  41.882230   174.295   174.300  8 56938.27779772 37.917
 231 269.827041  41.864424   174.617   174.617  2 56948.19342689 37.601
 232 269.827143  41.866342   174.894   174.601  3 56958.10908049 24.825
 233 269.828476  41.870535   174.287   174.288  4 56968.02472947 29.764
 234 269.831472  41.876172   174.095   174.083  4 56977.94037507 27.486
 235 269.829355  41.872729   174.172   174.155  4 56987.85601408 44.848
 236 269.826693  41.863426   174.307   174.307  2 56997.77164590 38.382
 237 269.826862  41.862359   175.047   174.546  3 57007.68729400 33.788
 238 269.827074  41.864467   174.570   174.570  2 57017.60294808 42.098
 239 269.827824  41.868273   221.360   221.674  3 57027.51859892 21.465
 240 269.830886  41.875771   174.096   174.087  4 57037.43424869 32.407
 241 269.834709  41.882050   174.289   174.213  8 57047.34989568 44.834
 242 269.830951  41.875222   174.122   174.079  4 57057.26553581 41.966
 243 269.827772  41.866732   174.191   174.096  3 57067.18117025 35.438
 244 269.826264  41.861146   173.975   173.826  3 57077.09680117 35.163
 245 269.825670  41.857298   174.302   174.166  3 57087.01243147 35.760
 246 269.827138  41.868071   174.501   174.513  4 57096.92809261 34.854
 247 269.835993  41.885498   174.866   174.811  9 57106.84375285 31.907
 248 269.836600  41.887243   174.539   174.576  9 57116.75940456 33.085
 249 269.835602  41.884199   175.045   174.978  8 57126.67504890 35.913
 250 269.830820  41.875671   174.747   174.665  4 57136.59068636 26.038
