# NaN NaN NaN ;Mean Elev.(m), Avg Gradient(m/km), RMS Gradient(m/km) - SRTM1     
#    0.000   0.000   0.000 ;Mean Elev.(m), Avg Gradient(m/km), RMS Gradient(m/km) - ASTER GDEM
#    2.279   0.146   0.476 ;Mean Elev.(m), Avg Gradient(m/km), RMS Gradient(m/km) - GMTED2010 
   1     0.625 54666.57742802 29.45 270.518185  29.342457 11.910 -100.00 -100.00 -100.00
   1     0.896 54666.57742861 30.63 270.519422  29.344873 15.723 -100.00 -100.00 -100.00
   2     1.139 54676.49307204 26.93 270.515779  29.341547  7.956 -100.00 -100.00 -100.00
   2     0.590 54676.49307263 30.21 270.517016  29.343964 17.986 -100.00 -100.00 -100.00
   3     0.501 54686.40871512 35.75 270.515283  29.342672 23.461 -100.00 -100.00 -100.00
   3     0.480 54686.40871571 30.97 270.516521  29.345088  9.110 -100.00 -100.00 -100.00
   4     0.176 54696.32435635 28.61 270.516653  29.342349  6.539 -100.00 -100.00 -100.00
   4     0.219 54696.32435694 30.63 270.517890  29.344766  9.469 -100.00 -100.00 -100.00
   5    -8.573 54706.23999595 27.83 270.519624  29.341274  5.383 -100.00 -100.00 -100.00
   5   -10.330 54706.23999654 29.16 270.520861  29.343691  7.028 -100.00 -100.00 -100.00
   5   -11.895 54706.23999713 30.10 270.522098  29.346107  8.392 -100.00 -100.00 -100.00
   6     0.686 54716.15564814 29.05 270.519450  29.342011  5.216 -100.00 -100.00 -100.00
   6     0.698 54716.15564873 31.67 270.520687  29.344428  9.387 -100.00 -100.00 -100.00
   7    -0.721 54726.07129746 27.84 270.517666  29.340730 10.553 -100.00 -100.00 -100.00
   7     0.102 54726.07129805 27.66 270.518904  29.343146 10.238 -100.00 -100.00 -100.00
   8     0.644 54735.98694548 29.09 270.514621  29.341370  7.501 -100.00 -100.00 -100.00
   8     0.735 54735.98694607 29.67 270.515859  29.343787  7.291 -100.00 -100.00 -100.00
   8     0.503 54735.98694666 37.70 270.517096  29.346203 27.414 -100.00 -100.00 -100.00
   9     0.758 54745.90259292 38.60 270.510941  29.342136   -100 -100.00 -100.00 -100.00
   9     0.455 54745.90259351 31.64 270.512178  29.344552 18.712 -100.00 -100.00 -100.00
   9     0.369 54745.90259410 35.65 270.513416  29.346968   -100 -100.00 -100.00 -100.00
  10     0.628 54755.81824043 36.11 270.509581  29.344011 27.881 -100.00 -100.00 -100.00
  10     0.780 54755.81824102 32.58 270.510819  29.346428 16.974 -100.00 -100.00 -100.00
  10     0.897 54755.81824161 35.27 270.512056  29.348844 21.260 -100.00 -100.00 -100.00
  11     0.388 54765.73388588 34.86 270.509697  29.342273 30.077 -100.00 -100.00 -100.00
  11     0.368 54765.73388647 38.44 270.510934  29.344689   -100 -100.00 -100.00 -100.00
  11     0.465 54765.73388706 35.59 270.512171  29.347106 31.415 -100.00 -100.00 -100.00
  12     0.324 54775.64952916 32.73 270.513267  29.343290 24.403 -100.00 -100.00 -100.00
  12     0.321 54775.64952975 33.50 270.514505  29.345706 25.415 -100.00 -100.00 -100.00
  13     0.511 54785.56516944 31.14 270.515402  29.342942 21.226 -100.00 -100.00 -100.00
  13     0.467 54785.56517003 34.27 270.516640  29.345359   -100 -100.00 -100.00 -100.00
  14     0.379 54795.48080753 27.66 270.515219  29.341010  9.417 -100.00 -100.00 -100.00
  14     0.281 54795.48080812 27.51 270.516457  29.343427  8.971 -100.00 -100.00 -100.00
  14     0.363 54795.48080871 31.81 270.517695  29.345843 17.802 -100.00 -100.00 -100.00
  17     0.814 54825.22772874 42.25 270.517869  29.341958 21.813 -100.00 -100.00 -100.00
  17     0.549 54825.22772933 36.64 270.519107  29.344375  9.015 -100.00 -100.00 -100.00
  18     0.549 54835.14336771 32.23 270.514712  29.340942 13.256 -100.00 -100.00 -100.00
  18     0.510 54835.14336830 30.04 270.515950  29.343359  8.939 -100.00 -100.00 -100.00
  18     0.366 54835.14336889 35.58 270.517187  29.345776 18.585 -100.00 -100.00 -100.00
  19     0.838 54845.05901739 31.24 270.511587  29.342043 17.602 -100.00 -100.00 -100.00
  19     0.763 54845.05901798 29.70 270.512825  29.344460 12.488 -100.00 -100.00 -100.00
  19     0.560 54845.05901857 33.71 270.514062  29.346877 22.903 -100.00 -100.00 -100.00
  20     0.651 54854.97466684 33.10 270.509691  29.344323  9.747 -100.00 -100.00 -100.00
  20     0.679 54854.97466743 34.53 270.510928  29.346740 11.188 -100.00 -100.00 -100.00
  21     0.418 54864.89031568 27.67 270.507283  29.343861 12.679 -100.00 -100.00 -100.00
  21     0.469 54864.89031627 28.29 270.508520  29.346278 12.788 -100.00 -100.00 -100.00
  21     0.714 54864.89031686 31.95 270.509758  29.348695 22.872 -100.00 -100.00 -100.00
  22     0.510 54874.80596468 27.67 270.507017  29.344581 10.127 -100.00 -100.00 -100.00
  22     0.334 54874.80596527 30.85 270.508255  29.346998 16.689 -100.00 -100.00 -100.00
  22     0.291 54874.80596586 33.23 270.509493  29.349415 25.863 -100.00 -100.00 -100.00
  23     0.417 54884.72161046 29.31 270.507279  29.342663 12.112 -100.00 -100.00 -100.00
  23     0.637 54884.72161105 28.54 270.508517  29.345080 11.662 -100.00 -100.00 -100.00
  23     0.896 54884.72161164 32.87 270.509754  29.347497 21.254 -100.00 -100.00 -100.00
  24     0.433 54894.63725314 31.66 270.508687  29.342399 15.100 -100.00 -100.00 -100.00
  24     0.606 54894.63725373 29.40 270.509925  29.344816 10.290 -100.00 -100.00 -100.00
  24     0.390 54894.63725432 33.91 270.511163  29.347233 19.121 -100.00 -100.00 -100.00
  25     0.706 54904.55289295 43.00 270.509365  29.342347  2.232 -100.00 -100.00 -100.00
  25     0.532 54904.55289354 32.69 270.510603  29.344764 22.342 -100.00 -100.00 -100.00
  25     0.262 54904.55289413 33.29 270.511841  29.347181 23.569 -100.00 -100.00 -100.00
  26     0.901 54914.46853135 39.02 270.509851  29.342585   -100 -100.00 -100.00 -100.00
  26     0.472 54914.46853194 32.07 270.511088  29.345002 19.456 -100.00 -100.00 -100.00
  26     0.741 54914.46853253 33.24 270.512326  29.347419 19.508 -100.00 -100.00 -100.00
  27     0.718 54924.38416893 42.72 270.510057  29.342144  2.111 -100.00 -100.00 -100.00
  27     0.668 54924.38416952 31.37 270.511294  29.344560 17.361 -100.00 -100.00 -100.00
  27     0.779 54924.38417011 34.81 270.512532  29.346977 26.161 -100.00 -100.00 -100.00
  28     0.752 54934.29980626 30.39 270.512815  29.343379 18.000 -100.00 -100.00 -100.00
  28     0.746 54934.29980685 33.23 270.514053  29.345796 23.383 -100.00 -100.00 -100.00
  29     0.947 54944.21544099 27.90 270.516113  29.341071  8.946 -100.00 -100.00 -100.00
  29     0.817 54944.21544158 30.02 270.517351  29.343488 12.982 -100.00 -100.00 -100.00
  29     0.616 54944.21544217 34.63 270.518588  29.345904 23.851 -100.00 -100.00 -100.00
  30     1.306 54954.13107470 29.58 270.522717  29.342902 13.286 -100.00 -100.00 -100.00
  30     0.853 54954.13107529 32.81 270.523954  29.345319 22.620 -100.00 -100.00 -100.00
  30     0.837 54954.13107588 35.69 270.525192  29.347735 30.425 -100.00 -100.00 -100.00
  31     1.015 54964.04671950 26.97 270.521781  29.341401  6.676 -100.00 -100.00 -100.00
  31     1.173 54964.04672009 30.60 270.523018  29.343817  8.866 -100.00 -100.00 -100.00
  31     1.040 54964.04672068 32.68 270.524256  29.346234 13.136 -100.00 -100.00 -100.00
  32     1.169 54973.96236784 28.76 270.519507  29.342495 11.739 -100.00 -100.00 -100.00
  32     1.074 54973.96236843 34.82 270.520744  29.344912 29.288 -100.00 -100.00 -100.00
  33     1.386 54983.87801504 27.89 270.515892  29.340633  8.902 -100.00 -100.00 -100.00
  33     1.084 54983.87801563 32.02 270.517130  29.343049 15.815 -100.00 -100.00 -100.00
  33     0.842 54983.87801622 36.37 270.518367  29.345466   -100 -100.00 -100.00 -100.00
  34    -2.254 54993.79366296 24.82 270.515178  29.341792  6.113 -100.00 -100.00 -100.00
  34    -1.423 54993.79366355 25.15 270.516415  29.344208  6.192 -100.00 -100.00 -100.00
  35     0.535 55003.70930959 30.04 270.514449  29.342314 13.900 -100.00 -100.00 -100.00
  35     0.656 55003.70931018 32.88 270.515687  29.344730 22.519 -100.00 -100.00 -100.00
  36     1.024 55013.62495407 31.12 270.513582  29.342957  4.069 -100.00 -100.00 -100.00
  36     1.035 55013.62495466 31.33 270.514820  29.345373  4.575 -100.00 -100.00 -100.00
  37     0.819 55023.54059668 30.22 270.512164  29.342045  9.324 -100.00 -100.00 -100.00
  37     0.537 55023.54059727 33.22 270.513402  29.344461 15.220 -100.00 -100.00 -100.00
  37     0.510 55023.54059786 35.16 270.514639  29.346878 19.695 -100.00 -100.00 -100.00
  38     0.376 55033.45623893 37.30 270.511911  29.343159   -100 -100.00 -100.00 -100.00
  38    -0.446 55033.45623952 40.78 270.513148  29.345576   -100 -100.00 -100.00 -100.00
  38     0.313 55033.45624011 36.93 270.514386  29.347992 28.574 -100.00 -100.00 -100.00
  39     0.540 55043.37188015 35.25 270.512497  29.342708   -100 -100.00 -100.00 -100.00
  39     0.356 55043.37188074 31.43 270.513735  29.345125 21.628 -100.00 -100.00 -100.00
  39     0.178 55043.37188133 38.00 270.514972  29.347541   -100 -100.00 -100.00 -100.00
  40     0.261 55053.28751994 30.22 270.515728  29.342164 11.002 -100.00 -100.00 -100.00
  40     0.286 55053.28752053 30.45 270.516965  29.344580  9.916 -100.00 -100.00 -100.00
  41     0.266 55063.20315778 28.42 270.519833  29.342335 10.182 -100.00 -100.00 -100.00
  41     0.374 55063.20315837 29.78 270.521070  29.344751 11.714 -100.00 -100.00 -100.00
  42     0.277 55073.11880236 36.74 270.519328  29.341751   -100 -100.00 -100.00 -100.00
  42     0.008 55073.11880295 32.55 270.520565  29.344167 22.765 -100.00 -100.00 -100.00
  43     0.551 55083.03445014 28.16 270.516037  29.341080  7.774 -100.00 -100.00 -100.00
  43     0.531 55083.03445073 28.25 270.517274  29.343497  7.853 -100.00 -100.00 -100.00
  43     0.429 55083.03445132 34.25 270.518512  29.345913 22.503 -100.00 -100.00 -100.00
  44     0.589 55092.95009732 28.98 270.513975  29.343350 12.717 -100.00 -100.00 -100.00
  44     0.319 55092.95009791 32.35 270.515212  29.345767 21.852 -100.00 -100.00 -100.00
  45     0.457 55102.86574392 27.59 270.511786  29.343029  7.854 -100.00 -100.00 -100.00
  45     0.289 55102.86574451 31.17 270.513024  29.345445 15.185 -100.00 -100.00 -100.00
  45     0.263 55102.86574510 35.62 270.514261  29.347862 30.677 -100.00 -100.00 -100.00
  46     0.523 55112.78139043 37.66 270.511053  29.342894   -100 -100.00 -100.00 -100.00
  46     0.622 55112.78139102 29.28 270.512291  29.345311 13.312 -100.00 -100.00 -100.00
  46     0.369 55112.78139161 32.84 270.513528  29.347727 21.429 -100.00 -100.00 -100.00
  47     0.655 55122.69703458 27.09 270.511955  29.342112  9.236 -100.00 -100.00 -100.00
  47     0.661 55122.69703517 29.64 270.513193  29.344528 15.595 -100.00 -100.00 -100.00
  47     0.433 55122.69703576 33.58 270.514431  29.346945 28.147 -100.00 -100.00 -100.00
  48     1.092 55132.61267617 27.12 270.514185  29.342777  8.778 -100.00 -100.00 -100.00
  48     0.577 55132.61267676 32.06 270.515422  29.345194 21.333 -100.00 -100.00 -100.00
  49     0.816 55142.52831502 28.70 270.514699  29.341677  9.203 -100.00 -100.00 -100.00
  49     0.877 55142.52831561 29.98 270.515937  29.344094 13.156 -100.00 -100.00 -100.00
  49     0.950 55142.52831620 37.56 270.517175  29.346511 31.440 -100.00 -100.00 -100.00
  50     0.910 55152.44395341 29.13 270.515187  29.342580 14.154 -100.00 -100.00 -100.00
  50     1.010 55152.44395400 31.79 270.516424  29.344996 20.167 -100.00 -100.00 -100.00
  51     0.885 55162.35959175 28.17 270.515888  29.342427 12.887 -100.00 -100.00 -100.00
  51     0.689 55162.35959234 31.26 270.517126  29.344843 19.108 -100.00 -100.00 -100.00
  52     1.047 55172.27522994 28.28 270.518038  29.342705  8.666 -100.00 -100.00 -100.00
  52     0.753 55172.27523053 31.67 270.519275  29.345121 16.833 -100.00 -100.00 -100.00
  53     0.854 55182.19086628 28.41 270.520382  29.341494 10.427 -100.00 -100.00 -100.00
  53     0.846 55182.19086687 35.67 270.521619  29.343910   -100 -100.00 -100.00 -100.00
  53     1.143 55182.19086746 36.14 270.522857  29.346327 30.854 -100.00 -100.00 -100.00
  54     1.326 55192.10651625 38.42 270.516666  29.340633   -100 -100.00 -100.00 -100.00
  54     1.257 55192.10651684 28.78 270.517904  29.343049 10.307 -100.00 -100.00 -100.00
  54     1.114 55192.10651743 36.00 270.519141  29.345466 26.883 -100.00 -100.00 -100.00
  55     1.008 55202.02216626 40.67 270.512602  29.341743   -100 -100.00 -100.00 -100.00
  55     1.087 55202.02216685 30.31 270.513840  29.344159 11.288 -100.00 -100.00 -100.00
  55     1.036 55202.02216745 34.90 270.515077  29.346576 20.833 -100.00 -100.00 -100.00
  56     0.609 55211.93781600 28.70 270.509840  29.343050 12.539 -100.00 -100.00 -100.00
  56     0.559 55211.93781659 32.34 270.511077  29.345467 22.480 -100.00 -100.00 -100.00
  56     0.684 55211.93781718 37.08 270.512315  29.347884   -100 -100.00 -100.00 -100.00
  57     0.744 55221.85346564 30.86 270.509639  29.344609 16.027 -100.00 -100.00 -100.00
  57     0.922 55221.85346623 32.21 270.510877  29.347026 18.011 -100.00 -100.00 -100.00
  58     0.662 55231.76911344 29.90 270.509335  29.342938 13.258 -100.00 -100.00 -100.00
  58     0.673 55231.76911404 33.46 270.510573  29.345355 19.711 -100.00 -100.00 -100.00
  58     1.141 55231.76911463 38.39 270.511810  29.347772 29.262 -100.00 -100.00 -100.00
  59     0.106 55241.68475842 35.76 270.510979  29.342683 10.341 -100.00 -100.00 -100.00
  59     0.754 55241.68475901 35.05 270.512217  29.345100  8.810 -100.00 -100.00 -100.00
  59     1.007 55241.68475961 36.77 270.513455  29.347517 10.548 -100.00 -100.00 -100.00
  60     1.136 55251.60039961 29.78 270.510962  29.342183 11.643 -100.00 -100.00 -100.00
  60     1.130 55251.60040020 29.78 270.512199  29.344600 11.466 -100.00 -100.00 -100.00
  60     0.796 55251.60040079 35.74 270.513437  29.347017 29.608 -100.00 -100.00 -100.00
  61     0.883 55261.51603869 41.54 270.510868  29.343892   -100 -100.00 -100.00 -100.00
  61     0.700 55261.51603928 35.24 270.512106  29.346308 13.414 -100.00 -100.00 -100.00
  62     0.674 55271.43167584 43.30 270.509909  29.342088   -100 -100.00 -100.00 -100.00
  62     0.605 55271.43167643 34.39 270.511146  29.344505 20.814 -100.00 -100.00 -100.00
  62     0.495 55271.43167702 35.47 270.512384  29.346921 22.588 -100.00 -100.00 -100.00
  63     0.979 55281.34731357 31.04 270.512250  29.342644 14.485 -100.00 -100.00 -100.00
  63     0.917 55281.34731416 32.46 270.513488  29.345061 16.569 -100.00 -100.00 -100.00
  63     0.593 55281.34731475 37.72 270.514725  29.347477   -100 -100.00 -100.00 -100.00
  64     0.956 55291.26295011 32.86 270.516086  29.342532 16.038 -100.00 -100.00 -100.00
  64     0.820 55291.26295070 35.76 270.517324  29.344949 23.414 -100.00 -100.00 -100.00
  65     1.167 55301.17858440 28.59 270.520698  29.342212  8.261 -100.00 -100.00 -100.00
  65     1.141 55301.17858499 33.43 270.521936  29.344629 17.994 -100.00 -100.00 -100.00
  65     1.165 55301.17858558 35.78 270.523173  29.347045 21.659 -100.00 -100.00 -100.00
  66     1.194 55311.09423068 30.12 270.519058  29.340566 16.232 -100.00 -100.00 -100.00
  66     1.136 55311.09423127 33.87 270.520295  29.342982 24.899 -100.00 -100.00 -100.00
  66     1.100 55311.09423186 36.52 270.521533  29.345399 32.193 -100.00 -100.00 -100.00
  67     0.621 55321.00987636 29.21 270.517984  29.342475  7.144 -100.00 -100.00 -100.00
  67     0.549 55321.00987695 34.80 270.519222  29.344892 16.319 -100.00 -100.00 -100.00
  68     0.902 55330.92552070 28.80 270.515667  29.342730 12.080 -100.00 -100.00 -100.00
  68     0.759 55330.92552129 33.74 270.516905  29.345146 25.746 -100.00 -100.00 -100.00
  69     1.200 55340.84116512 30.50 270.514237  29.342932 11.273 -100.00 -100.00 -100.00
  69     1.056 55340.84116571 36.60 270.515474  29.345348 27.991 -100.00 -100.00 -100.00
  70     0.578 55350.75680934 29.62 270.514312  29.342327 14.566 -100.00 -100.00 -100.00
  70     0.541 55350.75680993 34.38 270.515550  29.344744 27.076 -100.00 -100.00 -100.00
  71     1.161 55360.67245121 35.94 270.514646  29.340814 24.790 -100.00 -100.00 -100.00
  71     1.099 55360.67245180 37.93 270.515884  29.343231 32.056 -100.00 -100.00 -100.00
  71     1.017 55360.67245239 36.82 270.517121  29.345648 26.269 -100.00 -100.00 -100.00
  72     0.958 55370.58809109 27.41 270.514790  29.340915  9.631 -100.00 -100.00 -100.00
  72     0.490 55370.58809168 31.43 270.516027  29.343332 19.873 -100.00 -100.00 -100.00
  72     0.649 55370.58809227 36.03 270.517265  29.345748   -100 -100.00 -100.00 -100.00
  73     0.425 55380.50372925 28.84 270.514545  29.340802 12.088 -100.00 -100.00 -100.00
  73     0.683 55380.50372984 30.06 270.515783  29.343218 15.115 -100.00 -100.00 -100.00
  73     0.538 55380.50373043 37.19 270.517020  29.345635   -100 -100.00 -100.00 -100.00
  74     0.553 55390.41936713 28.68 270.516114  29.342820 10.604 -100.00 -100.00 -100.00
  74     0.285 55390.41936772 35.01 270.517352  29.345237 27.631 -100.00 -100.00 -100.00
  75     0.920 55400.33500310 29.00 270.518164  29.340863  9.771 -100.00 -100.00 -100.00
  75     0.886 55400.33500369 29.03 270.519401  29.343279 11.045 -100.00 -100.00 -100.00
  76     0.634 55410.25065113 29.13 270.520050  29.341688  5.739 -100.00 -100.00 -100.00
  76     0.625 55410.25065172 31.78 270.521288  29.344104  9.626 -100.00 -100.00 -100.00
  76     0.632 55410.25065231 35.44 270.522525  29.346520 16.019 -100.00 -100.00 -100.00
  77     0.537 55420.16630128 30.15 270.520310  29.342646  4.932 -100.00 -100.00 -100.00
  77     0.934 55420.16630187 32.53 270.521547  29.345063  7.174 -100.00 -100.00 -100.00
  78     0.286 55430.08194761 26.71 270.517523  29.340977  9.490 -100.00 -100.00 -100.00
  78     0.375 55430.08194820 29.79 270.518760  29.343393 14.419 -100.00 -100.00 -100.00
  79     0.940 55439.99759201 32.12 270.513997  29.341052 20.962 -100.00 -100.00 -100.00
  79     0.609 55439.99759260 32.70 270.515235  29.343468 24.007 -100.00 -100.00 -100.00
  79     0.416 55439.99759319 35.94 270.516472  29.345885   -100 -100.00 -100.00 -100.00
  80     0.693 55449.91323581 29.76 270.512649  29.343360 12.888 -100.00 -100.00 -100.00
  80     0.428 55449.91323640 30.86 270.513886  29.345777 13.633 -100.00 -100.00 -100.00
  81     0.541 55459.82887875 31.98 270.512499  29.342592 21.634 -100.00 -100.00 -100.00
  81     0.549 55459.82887934 28.30 270.513736  29.345009 10.361 -100.00 -100.00 -100.00
  81     0.517 55459.82887993 32.84 270.514974  29.347425 22.781 -100.00 -100.00 -100.00
  82     0.515 55469.74452125 34.72 270.515086  29.342954 30.248 -100.00 -100.00 -100.00
  82     0.564 55469.74452184 31.52 270.516324  29.345370 17.070 -100.00 -100.00 -100.00
  83     0.137 55479.66015997 27.69 270.516976  29.340511  9.604 -100.00 -100.00 -100.00
  83     0.215 55479.66016056 29.64 270.518213  29.342927 14.242 -100.00 -100.00 -100.00
  83     0.415 55479.66016115 31.74 270.519451  29.345343 16.516 -100.00 -100.00 -100.00
  84     0.143 55489.57579676 27.90 270.520137  29.342158 10.783 -100.00 -100.00 -100.00
  84     0.160 55489.57579735 30.32 270.521374  29.344574 17.531 -100.00 -100.00 -100.00
  85     0.069 55499.49143042 27.28 270.520990  29.341392  9.027 -100.00 -100.00 -100.00
  85     0.522 55499.49143101 27.36 270.522227  29.343808  7.768 -100.00 -100.00 -100.00
  85     0.312 55499.49143160 36.31 270.523465  29.346225 32.154 -100.00 -100.00 -100.00
  86     0.250 55509.40707087 43.37 270.519916  29.342333   -100 -100.00 -100.00 -100.00
  86     0.351 55509.40707147 44.31 270.521154  29.344749   -100 -100.00 -100.00 -100.00
  87     0.333 55519.32271996 29.56 270.515794  29.340721 17.652 -100.00 -100.00 -100.00
  87     0.494 55519.32272055 26.65 270.517032  29.343137 10.179 -100.00 -100.00 -100.00
  87     0.500 55519.32272114 34.84 270.518269  29.345554   -100 -100.00 -100.00 -100.00
  88     0.691 55529.23836888 26.91 270.514953  29.341695  9.228 -100.00 -100.00 -100.00
  88     0.341 55529.23836948 29.27 270.516190  29.344112 15.466 -100.00 -100.00 -100.00
  88     0.400 55529.23837007 36.31 270.517427  29.346528   -100 -100.00 -100.00 -100.00
  89     0.647 55539.15401607 32.03 270.514698  29.342226 23.934 -100.00 -100.00 -100.00
  89     0.499 55539.15401666 32.91 270.515935  29.344643 23.098 -100.00 -100.00 -100.00
  90     0.859 55549.06966074 37.83 270.513179  29.341129   -100 -100.00 -100.00 -100.00
  90     0.737 55549.06966133 29.30 270.514416  29.343546 12.003 -100.00 -100.00 -100.00
  90     0.520 55549.06966192 33.72 270.515654  29.345962 20.567 -100.00 -100.00 -100.00
  91     0.018 55558.98530464 29.24 270.512202  29.343609  9.207 -100.00 -100.00 -100.00
  91     0.346 55558.98530523 33.22 270.513439  29.346025 17.579 -100.00 -100.00 -100.00
  92    -0.756 55568.90094696 32.14 270.510176  29.342244 18.863 -100.00 -100.00 -100.00
  92    -0.488 55568.90094755 32.57 270.511413  29.344660 19.643 -100.00 -100.00 -100.00
  92    -0.043 55568.90094814 37.16 270.512650  29.347077 27.365 -100.00 -100.00 -100.00
  93     0.299 55578.81658895 32.15 270.511269  29.341916 18.845 -100.00 -100.00 -100.00
  93     0.460 55578.81658954 30.50 270.512506  29.344333 11.479 -100.00 -100.00 -100.00
  93     0.348 55578.81659013 32.86 270.513744  29.346750 19.900 -100.00 -100.00 -100.00
  94     0.118 55588.73222905 29.59 270.515383  29.342935  5.228 -100.00 -100.00 -100.00
  94     0.168 55588.73222964 33.94 270.516620  29.345352 11.258 -100.00 -100.00 -100.00
  95    -0.054 55598.64786542 30.93 270.519197  29.341177 12.057 -100.00 -100.00 -100.00
  95     0.157 55598.64786601 31.73 270.520434  29.343594 14.922 -100.00 -100.00 -100.00
  95     0.733 55598.64786660 34.93 270.521672  29.346010 19.829 -100.00 -100.00 -100.00
  96     0.116 55608.56349963 31.95 270.522596  29.342454  6.559 -100.00 -100.00 -100.00
  96     0.137 55608.56350022 37.20 270.523834  29.344871 13.564 -100.00 -100.00 -100.00
  96    -0.006 55608.56350081 39.46 270.525072  29.347288 18.512 -100.00 -100.00 -100.00
  97     0.051 55618.47913114 32.28 270.523273  29.341912 12.717 -100.00 -100.00 -100.00
  97    -0.073 55618.47913173 35.18 270.524510  29.344328 20.778 -100.00 -100.00 -100.00
  97    -0.048 55618.47913232 37.93 270.525748  29.346745 28.835 -100.00 -100.00 -100.00
  98     0.892 55628.39477757 32.74 270.519204  29.341297 24.153 -100.00 -100.00 -100.00
  98     0.664 55628.39477816 29.69 270.520441  29.343714 16.006 -100.00 -100.00 -100.00
  98     0.758 55628.39477875 36.22 270.521679  29.346130   -100 -100.00 -100.00 -100.00
  99     1.330 55638.31042809 37.15 270.516855  29.340992 17.283 -100.00 -100.00 -100.00
  99     0.995 55638.31042868 32.36 270.518093  29.343409  8.728 -100.00 -100.00 -100.00
  99     0.997 55638.31042927 38.25 270.519330  29.345826 19.003 -100.00 -100.00 -100.00
 100     1.352 55648.22607704 41.37 270.517701  29.342037 26.977 -100.00 -100.00 -100.00
 100     1.288 55648.22607763 44.44 270.518938  29.344454   -100 -100.00 -100.00 -100.00
 101     1.283 55658.14172273 29.08 270.518183  29.341567  6.436 -100.00 -100.00 -100.00
 101     1.338 55658.14172332 29.02 270.519421  29.343983  6.020 -100.00 -100.00 -100.00
 102     0.939 55668.05736448 28.19 270.517728  29.341208  9.095 -100.00 -100.00 -100.00
 102     0.968 55668.05736507 29.45 270.518966  29.343624 11.223 -100.00 -100.00 -100.00
 103     0.927 55677.97300403 27.49 270.516936  29.341836 10.783 -100.00 -100.00 -100.00
 103     1.005 55677.97300462 31.01 270.518174  29.344253 20.392 -100.00 -100.00 -100.00
 104     1.332 55687.88864195 29.59 270.517028  29.342651  9.227 -100.00 -100.00 -100.00
 104     1.112 55687.88864254 32.37 270.518265  29.345068 14.330 -100.00 -100.00 -100.00
 105     1.487 55697.80427831 27.63 270.517883  29.341761 10.095 -100.00 -100.00 -100.00
 105     1.022 55697.80427890 34.03 270.519121  29.344177 26.042 -100.00 -100.00 -100.00
 106     1.459 55707.71991435 27.82 270.520988  29.341529 10.776 -100.00 -100.00 -100.00
 106     1.103 55707.71991494 29.55 270.522226  29.343945 12.781 -100.00 -100.00 -100.00
 106     0.886 55707.71991553 34.96 270.523463  29.346362 28.004 -100.00 -100.00 -100.00
 107     1.470 55717.63556548 31.78 270.519287  29.341661 11.370 -100.00 -100.00 -100.00
 107     1.240 55717.63556607 32.17 270.520525  29.344078 11.939 -100.00 -100.00 -100.00
 108     0.931 55727.55121362 28.30 270.516618  29.341484  8.870 -100.00 -100.00 -100.00
 108     0.645 55727.55121421 30.15 270.517855  29.343901 13.370 -100.00 -100.00 -100.00
 109     0.461 55737.46686019 28.56 270.514494  29.342192  2.599 -100.00 -100.00 -100.00
 109     0.755 55737.46686078 29.13 270.515731  29.344608  3.080 -100.00 -100.00 -100.00
 110     1.027 55747.38250514 38.55 270.512512  29.341582 30.541 -100.00 -100.00 -100.00
 110     1.134 55747.38250573 28.00 270.513749  29.343999  4.417 -100.00 -100.00 -100.00
 110     0.609 55747.38250632 34.43 270.514986  29.346415 13.957 -100.00 -100.00 -100.00
 111     0.938 55757.29814820 28.45 270.512896  29.341324  7.701 -100.00 -100.00 -100.00
 111     0.759 55757.29814879 28.97 270.514134  29.343741  8.116 -100.00 -100.00 -100.00
 111     0.587 55757.29814938 33.65 270.515371  29.346157 19.873 -100.00 -100.00 -100.00
 112     0.702 55767.21378893 39.18 270.515839  29.341305 28.353 -100.00 -100.00 -100.00
 112     0.578 55767.21378952 30.98 270.517076  29.343721  8.485 -100.00 -100.00 -100.00
 112     0.441 55767.21379011 35.48 270.518313  29.346137 17.009 -100.00 -100.00 -100.00
 113     0.447 55777.12942678 27.26 270.519305  29.341188  8.898 -100.00 -100.00 -100.00
 113     0.386 55777.12942737 29.89 270.520543  29.343604 15.503 -100.00 -100.00 -100.00
 113     0.488 55777.12942796 31.99 270.521780  29.346020 18.426 -100.00 -100.00 -100.00
 114     0.584 55787.04506203 29.15 270.521533  29.340964  9.467 -100.00 -100.00 -100.00
 114     0.543 55787.04506262 30.79 270.522770  29.343380 14.744 -100.00 -100.00 -100.00
 114     0.355 55787.04506321 34.61 270.524008  29.345796 24.867 -100.00 -100.00 -100.00
 115     0.403 55796.96069626 36.15 270.523320  29.342764 31.990 -100.00 -100.00 -100.00
 115     0.432 55796.96069685 33.51 270.524558  29.345180 20.635 -100.00 -100.00 -100.00
 115     0.262 55796.96069745 33.89 270.525796  29.347597 21.929 -100.00 -100.00 -100.00
 116     0.328 55806.87633849 27.10 270.521431  29.342193 14.146 -100.00 -100.00 -100.00
 116     0.540 55806.87633908 29.01 270.522669  29.344610 17.356 -100.00 -100.00 -100.00
 116     0.636 55806.87633967 29.87 270.523906  29.347026 18.296 -100.00 -100.00 -100.00
 117     0.282 55816.79198763 27.16 270.519279  29.341593  3.532 -100.00 -100.00 -100.00
 117     0.432 55816.79198822 27.69 270.520517  29.344009  5.107 -100.00 -100.00 -100.00
 118     0.522 55826.70763406 26.11 270.520621  29.342343  8.836 -100.00 -100.00 -100.00
 118     0.400 55826.70763465 31.09 270.521858  29.344760 22.107 -100.00 -100.00 -100.00
 118     0.683 55826.70763524 31.83 270.523096  29.347176 21.396 -100.00 -100.00 -100.00
 119     0.248 55836.62327602 29.94 270.522427  29.342866 18.905 -100.00 -100.00 -100.00
 119     0.219 55836.62327661 30.98 270.523664  29.345282 21.059 -100.00 -100.00 -100.00
 119     0.312 55836.62327720 34.97 270.524902  29.347699   -100 -100.00 -100.00 -100.00
 120     0.426 55846.53891429 37.27 270.522987  29.342507 12.482 -100.00 -100.00 -100.00
 120     0.329 55846.53891488 38.50 270.524225  29.344923 14.832 -100.00 -100.00 -100.00
 120     0.509 55846.53891547 43.05 270.525463  29.347340 27.355 -100.00 -100.00 -100.00
 121     0.511 55856.45454948 29.74 270.522398  29.340916 15.615 -100.00 -100.00 -100.00
 121     0.408 55856.45455007 32.19 270.523636  29.343332 21.387 -100.00 -100.00 -100.00
 121     0.163 55856.45455066 32.29 270.524874  29.345749 23.423 -100.00 -100.00 -100.00
 121     0.275 55856.45455125 30.70 270.526111  29.348165 17.676 -100.00 -100.00 -100.00
 122     0.254 55866.37019244 26.78 270.521087  29.342451  9.233 -100.00 -100.00 -100.00
 122     0.337 55866.37019303 30.12 270.522324  29.344867 16.109 -100.00 -100.00 -100.00
 122     0.468 55866.37019363 34.10 270.523562  29.347284 26.188 -100.00 -100.00 -100.00
 123     0.290 55876.28584415 26.78 270.517002  29.341567 11.498 -100.00 -100.00 -100.00
 123     0.610 55876.28584474 26.46 270.518239  29.343984  9.464 -100.00 -100.00 -100.00
 133     1.114 55975.44227773 28.16 270.516981  29.342522  9.857 -100.00 -100.00 -100.00
 133     0.572 55975.44227832 32.86 270.518219  29.344939 20.752 -100.00 -100.00 -100.00
 134     0.628 55985.35791348 27.59 270.517854  29.341419  6.532 -100.00 -100.00 -100.00
 134     0.835 55985.35791407 29.21 270.519091  29.343836  8.962 -100.00 -100.00 -100.00
 135     0.679 55995.27354824 27.48 270.521877  29.341802  8.785 -100.00 -100.00 -100.00
 135     0.572 55995.27354883 34.98 270.523115  29.344219 30.151 -100.00 -100.00 -100.00
 135     0.728 55995.27354942 31.41 270.524353  29.346636 16.018 -100.00 -100.00 -100.00
 136     1.146 56005.18919976 26.18 270.520567  29.341745  6.314 -100.00 -100.00 -100.00
 136     1.060 56005.18920035 29.78 270.521805  29.344162 11.415 -100.00 -100.00 -100.00
 136     0.984 56005.18920094 32.04 270.523043  29.346578 14.024 -100.00 -100.00 -100.00
 137     1.301 56015.10484763 28.89 270.519649  29.342403  5.391 -100.00 -100.00 -100.00
 137     1.090 56015.10484822 31.32 270.520886  29.344820  9.286 -100.00 -100.00 -100.00
 139     0.735 56034.93613526 38.65 270.514426  29.341863   -100 -100.00 -100.00 -100.00
 139     0.694 56034.93613585 28.64 270.515664  29.344280 12.962 -100.00 -100.00 -100.00
 139     0.508 56034.93613644 35.69 270.516901  29.346697   -100 -100.00 -100.00 -100.00
 141     0.666 56054.76741518 26.30 270.515965  29.342047  6.830 -100.00 -100.00 -100.00
 141     0.333 56054.76741577 36.56 270.517202  29.344464   -100 -100.00 -100.00 -100.00
 142     0.828 56064.68304992 26.51 270.518949  29.341012  8.005 -100.00 -100.00 -100.00
 142     0.435 56064.68305051 30.63 270.520186  29.343429 18.133 -100.00 -100.00 -100.00
 142     0.374 56064.68305110 35.80 270.521424  29.345845   -100 -100.00 -100.00 -100.00
 143     0.270 56074.59869452 27.92 270.519496  29.342463 11.354 -100.00 -100.00 -100.00
 143     0.603 56074.59869511 31.35 270.520733  29.344880 18.503 -100.00 -100.00 -100.00
 144    -0.355 56084.51434327 28.05 270.515278  29.340807  9.099 -100.00 -100.00 -100.00
 144     0.110 56084.51434386 27.09 270.516515  29.343223  6.223 -100.00 -100.00 -100.00
 144     0.238 56084.51434445 32.71 270.517753  29.345640 17.795 -100.00 -100.00 -100.00
 145     0.638 56094.42999015 34.95 270.513825  29.341262   -100 -100.00 -100.00 -100.00
 145     0.480 56094.42999074 28.70 270.515062  29.343678 14.222 -100.00 -100.00 -100.00
 145     0.414 56094.42999133 34.17 270.516300  29.346095 29.589 -100.00 -100.00 -100.00
 146     0.862 56104.34563516 28.58 270.514627  29.342442  9.457 -100.00 -100.00 -100.00
 146     0.527 56104.34563575 30.77 270.515864  29.344859 15.368 -100.00 -100.00 -100.00
 147     0.182 56114.26126521 45.67 270.515727  29.341343   -100 -100.00 -100.00 -100.00
 147     0.392 56114.26126581 46.83 270.516964  29.343760   -100 -100.00 -100.00 -100.00
 147     0.215 56114.26126640 49.86 270.518202  29.346176  1.075 -100.00 -100.00 -100.00
 148     0.108 56124.17690377 27.13 270.518935  29.342464  8.175 -100.00 -100.00 -100.00
 148     0.082 56124.17690436 32.07 270.520172  29.344880 20.616 -100.00 -100.00 -100.00
 149     0.276 56134.09253796 26.93 270.521613  29.341365  8.723 -100.00 -100.00 -100.00
 149     0.395 56134.09253855 29.05 270.522850  29.343781 13.021 -100.00 -100.00 -100.00
 149     0.381 56134.09253914 32.16 270.524088  29.346197 18.470 -100.00 -100.00 -100.00
 150     0.233 56144.00817804 29.55 270.522765  29.342952  7.939 -100.00 -100.00 -100.00
 150     0.240 56144.00817863 35.93 270.524002  29.345369 24.943 -100.00 -100.00 -100.00
 150     0.209 56144.00817922 34.73 270.525240  29.347785 21.333 -100.00 -100.00 -100.00
 151    -0.169 56153.92382797 26.54 270.518650  29.341505  8.210 -100.00 -100.00 -100.00
 151    -0.044 56153.92382856 28.24 270.519887  29.343922 12.307 -100.00 -100.00 -100.00
 152     0.096 56163.83947732 26.83 270.516597  29.342000  9.415 -100.00 -100.00 -100.00
 152     0.359 56163.83947791 28.71 270.517834  29.344417 12.455 -100.00 -100.00 -100.00
 153     0.287 56173.75512446 27.30 270.515774  29.341209  8.749 -100.00 -100.00 -100.00
 153     0.124 56173.75512505 35.78 270.517011  29.343626   -100 -100.00 -100.00 -100.00
 153     0.575 56173.75512564 36.48 270.518249  29.346042 30.674 -100.00 -100.00 -100.00
 154     0.803 56183.67076669 27.59 270.516896  29.340595 10.667 -100.00 -100.00 -100.00
 154     0.620 56183.67076729 28.12 270.518133  29.343011 10.806 -100.00 -100.00 -100.00
 154     0.840 56183.67076788 34.37 270.519371  29.345428 28.846 -100.00 -100.00 -100.00
 155     0.322 56193.58640533 28.49 270.518446  29.341157 12.490 -100.00 -100.00 -100.00
 155     0.401 56193.58640592 29.26 270.519683  29.343574 14.364 -100.00 -100.00 -100.00
 156     0.478 56203.50204086 30.01 270.519040  29.341398 14.753 -100.00 -100.00 -100.00
 156     0.400 56203.50204145 32.75 270.520277  29.343815 20.270 -100.00 -100.00 -100.00
 157     0.202 56213.41767479 32.05 270.520709  29.342417 15.639 -100.00 -100.00 -100.00
 157     0.958 56213.41767538 35.34 270.521946  29.344833 23.644 -100.00 -100.00 -100.00
 157     1.006 56213.41767597 38.58 270.523184  29.347249 27.009 -100.00 -100.00 -100.00
 158     0.510 56223.33330827 38.69 270.523555  29.342966   -100 -100.00 -100.00 -100.00
 158     0.775 56223.33330886 32.23 270.524793  29.345382 14.443 -100.00 -100.00 -100.00
 158     0.573 56223.33330945 35.88 270.526030  29.347799 26.147 -100.00 -100.00 -100.00
 159     0.731 56233.24896346 44.51 270.519373  29.340984   -100 -100.00 -100.00 -100.00
 159     0.524 56233.24896405 38.94 270.520610  29.343401 29.476 -100.00 -100.00 -100.00
 159     0.658 56233.24896464 39.92 270.521847  29.345817 30.448 -100.00 -100.00 -100.00
 160     0.969 56243.16461531 28.10 270.517372  29.341109  9.977 -100.00 -100.00 -100.00
 160     0.518 56243.16461590 32.17 270.518610  29.343526 22.578 -100.00 -100.00 -100.00
 161     0.629 56253.08026287 40.80 270.515868  29.341953 24.264 -100.00 -100.00 -100.00
 161     0.171 56253.08026346 42.29 270.517105  29.344370 32.182 -100.00 -100.00 -100.00
 162     0.401 56262.99590594 29.79 270.514526  29.341573  8.099 -100.00 -100.00 -100.00
 162     0.199 56262.99590653 32.84 270.515763  29.343990 12.786 -100.00 -100.00 -100.00
 162     0.402 56262.99590712 38.60 270.517000  29.346406 26.624 -100.00 -100.00 -100.00
 164    -0.147 56282.82719067 27.08 270.515069  29.341454  8.542 -100.00 -100.00 -100.00
 164     0.174 56282.82719126 27.58 270.516306  29.343870  8.546 -100.00 -100.00 -100.00
 164     0.346 56282.82719185 32.12 270.517544  29.346287 20.744 -100.00 -100.00 -100.00
 165     0.258 56292.74284325 29.86 270.515124  29.343252 12.280 -100.00 -100.00 -100.00
 165     0.437 56292.74284384 32.50 270.516361  29.345669 19.458 -100.00 -100.00 -100.00
 166     0.357 56302.65849037 37.54 270.513578  29.341032   -100 -100.00 -100.00 -100.00
 166     0.523 56302.65849096 34.50 270.514816  29.343448 23.102 -100.00 -100.00 -100.00
 166     0.474 56302.65849155 33.92 270.516053  29.345865 18.879 -100.00 -100.00 -100.00
 167     0.547 56312.57413428 38.03 270.514249  29.343446 23.486 -100.00 -100.00 -100.00
 167     0.082 56312.57413487 39.87 270.515487  29.345863 28.798 -100.00 -100.00 -100.00
 168     0.919 56322.48977470 27.62 270.512738  29.341503  9.629 -100.00 -100.00 -100.00
 168     0.278 56322.48977529 29.71 270.513976  29.343920 16.954 -100.00 -100.00 -100.00
 168     0.733 56322.48977588 33.55 270.515214  29.346337 25.121 -100.00 -100.00 -100.00
 169     0.840 56332.40541535 33.25 270.514094  29.343489 23.891 -100.00 -100.00 -100.00
 169     0.512 56332.40541594 40.77 270.515332  29.345905  0.093 -100.00 -100.00 -100.00
 170     0.909 56342.32105496 28.67 270.515841  29.342755 10.157 -100.00 -100.00 -100.00
 170     0.565 56342.32105555 34.39 270.517079  29.345172 26.691 -100.00 -100.00 -100.00
 171     0.640 56352.23669244 31.17 270.519244  29.342113 13.251 -100.00 -100.00 -100.00
 171     1.092 56352.23669303 34.34 270.520482  29.344529 21.945 -100.00 -100.00 -100.00
 172     0.695 56362.15233287 28.75 270.520672  29.341331 13.324 -100.00 -100.00 -100.00
 172     0.755 56362.15233346 32.20 270.521910  29.343748 20.524 -100.00 -100.00 -100.00
 172     1.032 56362.15233405 36.62 270.523147  29.346164   -100 -100.00 -100.00 -100.00
 173     0.996 56372.06798146 38.02 270.516954  29.340478   -100 -100.00 -100.00 -100.00
 173     0.820 56372.06798205 31.24 270.518192  29.342894 12.449 -100.00 -100.00 -100.00
 173     0.940 56372.06798264 35.77 270.519429  29.345311 22.929 -100.00 -100.00 -100.00
 175     0.752 56391.89927251 36.53 270.510904  29.341928   -100 -100.00 -100.00 -100.00
 175     0.728 56391.89927310 28.21 270.512142  29.344344 12.074 -100.00 -100.00 -100.00
 175     0.594 56391.89927370 33.48 270.513379  29.346761 25.038 -100.00 -100.00 -100.00
 176     0.653 56401.81491612 29.36 270.512628  29.343783 15.785 -100.00 -100.00 -100.00
 176     0.474 56401.81491671 32.95 270.513866  29.346200 26.705 -100.00 -100.00 -100.00
 177     1.042 56411.73055648 31.88 270.514881  29.343031 15.517 -100.00 -100.00 -100.00
 177     1.181 56411.73055707 38.52 270.516118  29.345448   -100 -100.00 -100.00 -100.00
 178     1.284 56421.64619193 29.07 270.518527  29.342355 11.155 -100.00 -100.00 -100.00
 178     1.202 56421.64619252 33.22 270.519764  29.344772 20.807 -100.00 -100.00 -100.00
 179     1.421 56431.56183135 33.11 270.518286  29.340530 19.277 -100.00 -100.00 -100.00
 179     1.113 56431.56183194 29.78 270.519524  29.342946 11.380 -100.00 -100.00 -100.00
 179     1.320 56431.56183253 34.84 270.520761  29.345363 18.625 -100.00 -100.00 -100.00
 180     0.524 56441.47748408 29.82 270.514567  29.343183 14.540 -100.00 -100.00 -100.00
 180     0.434 56441.47748467 36.94 270.515805  29.345599   -100 -100.00 -100.00 -100.00
 181     1.271 56451.39313355 28.53 270.511273  29.342584  8.846 -100.00 -100.00 -100.00
 181     1.071 56451.39313414 31.59 270.512510  29.345000 13.919 -100.00 -100.00 -100.00
 181     0.690 56451.39313473 35.92 270.513748  29.347417 26.463 -100.00 -100.00 -100.00
 182     1.119 56461.30878132 28.62 270.512143  29.343587 10.622 -100.00 -100.00 -100.00
 182     0.704 56461.30878191 33.15 270.513381  29.346004 21.598 -100.00 -100.00 -100.00
 183     1.203 56471.22442558 30.72 270.513749  29.343083 13.871 -100.00 -100.00 -100.00
 183     1.044 56471.22442617 36.64 270.514986  29.345499 30.559 -100.00 -100.00 -100.00
 184     0.745 56481.14006630 28.37 270.515632  29.342436 11.594 -100.00 -100.00 -100.00
 184     0.450 56481.14006689 33.61 270.516870  29.344853 26.973 -100.00 -100.00 -100.00
 185     0.830 56491.05570296 27.81 270.516009  29.340546  9.903 -100.00 -100.00 -100.00
 185     0.734 56491.05570355 29.20 270.517246  29.342962 14.073 -100.00 -100.00 -100.00
 185     0.743 56491.05570414 33.35 270.518484  29.345378 23.255 -100.00 -100.00 -100.00
 187     0.302 56510.88697199 29.26 270.521394  29.342147 13.341 -100.00 -100.00 -100.00
 187     0.940 56510.88697258 30.94 270.522631  29.344564 17.746 -100.00 -100.00 -100.00
 187     0.168 56510.88697317 36.37 270.523869  29.346980   -100 -100.00 -100.00 -100.00
 188     0.495 56520.80261657 29.74 270.521705  29.341313  4.932 -100.00 -100.00 -100.00
 188     0.299 56520.80261716 34.58 270.522942  29.343729 12.684 -100.00 -100.00 -100.00
 188     0.337 56520.80261775 35.32 270.524180  29.346145 13.968 -100.00 -100.00 -100.00
 189     0.404 56530.71826995 28.44 270.519742  29.341169 10.565 -100.00 -100.00 -100.00
 189     0.826 56530.71827054 29.88 270.520979  29.343586 15.556 -100.00 -100.00 -100.00
 189     1.155 56530.71827113 36.78 270.522217  29.346002   -100 -100.00 -100.00 -100.00
 191     0.556 56550.54956491 29.66 270.516914  29.342694 14.564 -100.00 -100.00 -100.00
 191     0.552 56550.54956550 33.77 270.518151  29.345111 20.939 -100.00 -100.00 -100.00
 192     0.716 56560.46520707 26.68 270.513417  29.341412  9.009 -100.00 -100.00 -100.00
 192     0.469 56560.46520766 30.34 270.514654  29.343829 17.555 -100.00 -100.00 -100.00
 192     0.552 56560.46520825 36.67 270.515891  29.346245   -100 -100.00 -100.00 -100.00
 193     0.734 56570.38084866 30.04 270.512462  29.342150 18.078 -100.00 -100.00 -100.00
 193     0.489 56570.38084925 28.13 270.513699  29.344567 12.025 -100.00 -100.00 -100.00
 193     0.587 56570.38084984 36.36 270.514937  29.346983   -100 -100.00 -100.00 -100.00
 194     0.465 56580.29648882 34.55 270.513683  29.341762 22.853 -100.00 -100.00 -100.00
 194     0.561 56580.29648941 30.10 270.514920  29.344179 10.630 -100.00 -100.00 -100.00
 194     0.445 56580.29649000 36.04 270.516158  29.346595 28.524 -100.00 -100.00 -100.00
 195     0.602 56590.21212536 45.76 270.518708  29.341674   -100 -100.00 -100.00 -100.00
 195     0.465 56590.21212595 47.96 270.519945  29.344090   -100 -100.00 -100.00 -100.00
 196     0.503 56600.12777207 27.67 270.519931  29.342385  8.761 -100.00 -100.00 -100.00
 196     0.645 56600.12777266 34.22 270.521168  29.344801 21.521 -100.00 -100.00 -100.00
 197     0.540 56610.04342208 25.30 270.516467  29.341745  8.564 -100.00 -100.00 -100.00
 197     0.657 56610.04342267 27.08 270.517705  29.344162 11.766 -100.00 -100.00 -100.00
 198     0.639 56619.95906773 30.93 270.513563  29.341792 22.136 -100.00 -100.00 -100.00
 198     0.421 56619.95906832 28.88 270.514800  29.344208 14.332 -100.00 -100.00 -100.00
 198     0.163 56619.95906891 37.02 270.516038  29.346625   -100 -100.00 -100.00 -100.00
 199     0.335 56629.87471042 29.21 270.512221  29.341363 11.836 -100.00 -100.00 -100.00
 199     0.308 56629.87471101 29.88 270.513458  29.343779 14.174 -100.00 -100.00 -100.00
 199    -0.016 56629.87471160 37.60 270.514696  29.346196   -100 -100.00 -100.00 -100.00
 200     0.416 56639.79035010 27.83 270.514540  29.340862  9.464 -100.00 -100.00 -100.00
 200     0.346 56639.79035069 28.34 270.515777  29.343279 10.383 -100.00 -100.00 -100.00
 200     0.311 56639.79035128 33.16 270.517015  29.345696 20.517 -100.00 -100.00 -100.00
 201     0.409 56649.70599695 28.04 270.517724  29.342641 11.306 -100.00 -100.00 -100.00
 201     0.383 56649.70599754 33.14 270.518962  29.345057 26.303 -100.00 -100.00 -100.00
 202     0.567 56659.62164809 29.84 270.516411  29.342034  8.981 -100.00 -100.00 -100.00
 202     0.641 56659.62164868 39.22 270.517648  29.344451   -100 -100.00 -100.00 -100.00
 203     0.734 56669.53729525 32.24 270.514236  29.342002  8.615 -100.00 -100.00 -100.00
 203     0.348 56669.53729584 34.40 270.515474  29.344419 11.351 -100.00 -100.00 -100.00
 203     0.394 56669.53729643 39.49 270.516712  29.346835 22.109 -100.00 -100.00 -100.00
 205     0.598 56689.36858296 33.77 270.511927  29.342517 18.646 -100.00 -100.00 -100.00
 205     0.710 56689.36858355 31.50 270.513165  29.344934 12.627 -100.00 -100.00 -100.00
 205     0.519 56689.36858414 37.39 270.514402  29.347351 28.117 -100.00 -100.00 -100.00
 206     0.363 56699.28422301 40.25 270.513809  29.341053   -100 -100.00 -100.00 -100.00
 206     0.636 56699.28422360 36.08 270.515047  29.343470 17.527 -100.00 -100.00 -100.00
 206     0.429 56699.28422420 36.69 270.516285  29.345887 18.505 -100.00 -100.00 -100.00
 207     0.863 56709.19985928 27.51 270.519138  29.342334  8.612 -100.00 -100.00 -100.00
 207     1.049 56709.19985987 33.64 270.520375  29.344751 19.459 -100.00 -100.00 -100.00
 208     0.514 56719.11549872 35.78 270.519875  29.341045 10.781 -100.00 -100.00 -100.00
 208     0.058 56719.11549931 38.25 270.521112  29.343461 14.397 -100.00 -100.00 -100.00
 208     0.178 56719.11549990 39.52 270.522350  29.345878 15.128 -100.00 -100.00 -100.00
 209    -0.043 56729.03115064 29.56 270.515054  29.341149 13.332 -100.00 -100.00 -100.00
 209     0.474 56729.03115123 31.89 270.516292  29.343565 19.926 -100.00 -100.00 -100.00
 209     0.666 56729.03115182 34.56 270.517530  29.345982 26.065 -100.00 -100.00 -100.00
 211     0.637 56748.86244370 34.94 270.508891  29.342159   -100 -100.00 -100.00 -100.00
 211     0.635 56748.86244429 36.11 270.510128  29.344576   -100 -100.00 -100.00 -100.00
 211     0.835 56748.86244488 33.25 270.511366  29.346993 24.779 -100.00 -100.00 -100.00
 212     0.661 56758.77808395 31.90 270.511038  29.341708 19.313 -100.00 -100.00 -100.00
 212     0.615 56758.77808454 27.89 270.512275  29.344125  8.335 -100.00 -100.00 -100.00
 212     0.616 56758.77808513 30.33 270.513513  29.346542 13.709 -100.00 -100.00 -100.00
 213     1.184 56768.69371826 31.76 270.516370  29.341069 17.243 -100.00 -100.00 -100.00
 213     1.126 56768.69371885 28.77 270.517608  29.343486 10.518 -100.00 -100.00 -100.00
 213     0.953 56768.69371944 34.23 270.518845  29.345903 18.781 -100.00 -100.00 -100.00
 214     0.637 56778.60936618 26.51 270.516278  29.341129  8.632 -100.00 -100.00 -100.00
 214     0.800 56778.60936677 28.61 270.517515  29.343546 12.510 -100.00 -100.00 -100.00
 214     0.939 56778.60936736 35.96 270.518753  29.345963   -100 -100.00 -100.00 -100.00
 215     1.014 56788.52502197 28.09 270.513000  29.343281 10.207 -100.00 -100.00 -100.00
 215     0.892 56788.52502256 27.92 270.514238  29.345698  9.483 -100.00 -100.00 -100.00
 216     0.979 56798.44067350 37.37 270.508216  29.343084 26.699 -100.00 -100.00 -100.00
 216     0.982 56798.44067409 28.31 270.509454  29.345501  5.252 -100.00 -100.00 -100.00
 216     0.785 56798.44067468 32.11 270.510692  29.347918  9.711 -100.00 -100.00 -100.00
 217     0.266 56808.35631974 26.51 270.507059  29.344500 12.106 -100.00 -100.00 -100.00
 217     0.573 56808.35632034 28.06 270.508297  29.346916 14.514 -100.00 -100.00 -100.00
 217     0.547 56808.35632093 32.49 270.509534  29.349333 25.707 -100.00 -100.00 -100.00
 219     0.782 56828.18759713 38.49 270.513698  29.343377 31.877 -100.00 -100.00 -100.00
 219     0.717 56828.18759772 33.15 270.514935  29.345794 13.438 -100.00 -100.00 -100.00
 220     0.117 56838.10323063 27.75 270.517824  29.340901  7.023 -100.00 -100.00 -100.00
 220     0.370 56838.10323122 27.10 270.519062  29.343317  5.809 -100.00 -100.00 -100.00
 221     0.541 56848.01886241 33.73 270.522590  29.342366 13.313 -100.00 -100.00 -100.00
 221     0.486 56848.01886300 35.82 270.523828  29.344783 20.262 -100.00 -100.00 -100.00
 221     0.448 56848.01886360 40.84 270.525065  29.347199   -100 -100.00 -100.00 -100.00
 222     0.543 56857.93451544 29.15 270.517770  29.342168  4.997 -100.00 -100.00 -100.00
 222     0.396 56857.93451603 31.59 270.519007  29.344585  8.016 -100.00 -100.00 -100.00
 223     0.901 56867.85016883 27.00 270.513980  29.342204  7.892 -100.00 -100.00 -100.00
 223     0.346 56867.85016942 29.48 270.515218  29.344621 14.751 -100.00 -100.00 -100.00
 223     0.361 56867.85017001 36.23 270.516455  29.347037   -100 -100.00 -100.00 -100.00
 224    -0.380 56877.76582073 35.03 270.512473  29.342672  7.868 -100.00 -100.00 -100.00
 224     0.077 56877.76582132 35.06 270.513711  29.345089  7.646 -100.00 -100.00 -100.00
 224     0.193 56877.76582191 36.76 270.514948  29.347505  8.984 -100.00 -100.00 -100.00
 225     0.334 56887.68146945 25.91 270.511977  29.342837  9.094 -100.00 -100.00 -100.00
 225     0.204 56887.68147004 27.69 270.513215  29.345253 12.459 -100.00 -100.00 -100.00
 225     0.427 56887.68147063 33.69 270.514452  29.347670 25.795 -100.00 -100.00 -100.00
 226     0.695 56897.59711537 25.86 270.511535  29.343053  7.385 -100.00 -100.00 -100.00
 226     0.213 56897.59711596 28.07 270.512773  29.345469 13.554 -100.00 -100.00 -100.00
 226     0.469 56897.59711655 32.88 270.514010  29.347886 25.420 -100.00 -100.00 -100.00
 227     0.703 56907.51275816 32.77 270.509665  29.342604 23.945 -100.00 -100.00 -100.00
 227     0.391 56907.51275875 28.36 270.510902  29.345021 12.539 -100.00 -100.00 -100.00
 227     0.395 56907.51275934 31.91 270.512140  29.347437 19.071 -100.00 -100.00 -100.00
 228     0.459 56917.42839922 29.09 270.509100  29.344231 15.124 -100.00 -100.00 -100.00
 228     0.590 56917.42839981 28.04 270.510337  29.346647 11.626 -100.00 -100.00 -100.00
 228     0.831 56917.42840040 34.10 270.511575  29.349064 25.967 -100.00 -100.00 -100.00
 229     0.600 56927.34403808 28.99 270.510131  29.344436 10.131 -100.00 -100.00 -100.00
 229     0.686 56927.34403867 31.64 270.511368  29.346852 12.939 -100.00 -100.00 -100.00
 230     0.270 56937.25967307 27.26 270.513466  29.343159 10.534 -100.00 -100.00 -100.00
 230     0.278 56937.25967366 28.41 270.514703  29.345576 11.560 -100.00 -100.00 -100.00
 231     0.378 56947.17530395 34.47 270.519095  29.341165  7.262 -100.00 -100.00 -100.00
 231     0.598 56947.17530454 35.40 270.520333  29.343581  7.913 -100.00 -100.00 -100.00
 231     0.455 56947.17530513 42.82 270.521570  29.345998 25.620 -100.00 -100.00 -100.00
 232     0.849 56957.09095791 36.18 270.517579  29.342041 12.287 -100.00 -100.00 -100.00
 232     0.618 56957.09095850 35.92 270.518816  29.344458 12.769 -100.00 -100.00 -100.00
 233     0.525 56967.00660628 39.02 270.514995  29.341741   -100 -100.00 -100.00 -100.00
 233     0.499 56967.00660687 30.90 270.516232  29.344157 13.286 -100.00 -100.00 -100.00
 233     0.482 56967.00660746 35.19 270.517470  29.346574 21.596 -100.00 -100.00 -100.00
 234    -0.053 56976.92225107 27.07 270.513645  29.342661 12.365 -100.00 -100.00 -100.00
 234     0.189 56976.92225166 30.38 270.514883  29.345077 20.480 -100.00 -100.00 -100.00
 235     0.611 56986.83789113 29.37 270.513356  29.341463 16.095 -100.00 -100.00 -100.00
 235     0.427 56986.83789172 32.56 270.514593  29.343880 28.633 -100.00 -100.00 -100.00
 235     0.580 56986.83789231 34.74 270.515831  29.346296   -100 -100.00 -100.00 -100.00
 236     0.095 56996.75352600 26.95 270.517505  29.341294  9.474 -100.00 -100.00 -100.00
 236     0.110 56996.75352659 28.75 270.518742  29.343711 12.722 -100.00 -100.00 -100.00
 237     0.097 57006.66917219 26.48 270.519867  29.342560  8.530 -100.00 -100.00 -100.00
 237     0.344 57006.66917278 29.30 270.521104  29.344977 16.185 -100.00 -100.00 -100.00
 238     0.310 57016.58482603 28.45 270.516899  29.340931  6.557 -100.00 -100.00 -100.00
 238     0.244 57016.58482662 28.64 270.518137  29.343348  6.397 -100.00 -100.00 -100.00
 238     0.685 57016.58482721 31.23 270.519375  29.345764 10.505 -100.00 -100.00 -100.00
 239     0.521 57026.50047656 29.91 270.515001  29.342336 11.301 -100.00 -100.00 -100.00
 239     0.426 57026.50047715 32.73 270.516239  29.344752 19.926 -100.00 -100.00 -100.00
 240     0.735 57036.41612464 26.70 270.512601  29.342562  9.649 -100.00 -100.00 -100.00
 240     0.400 57036.41612523 31.06 270.513838  29.344978 19.915 -100.00 -100.00 -100.00
 240     0.491 57036.41612582 33.83 270.515076  29.347395 25.614 -100.00 -100.00 -100.00
 241     0.638 57046.33176990 29.42 270.511587  29.341565 12.747 -100.00 -100.00 -100.00
 241     0.573 57046.33177049 29.60 270.512824  29.343981 14.830 -100.00 -100.00 -100.00
 241     0.608 57046.33177108 31.46 270.514062  29.346398 20.028 -100.00 -100.00 -100.00
 242     0.729 57056.24741241 34.94 270.513906  29.342688 32.339 -100.00 -100.00 -100.00
 242     0.616 57056.24741300 30.54 270.515143  29.345105 19.598 -100.00 -100.00 -100.00
 243     0.266 57066.16304954 28.05 270.516984  29.342565 15.351 -100.00 -100.00 -100.00
 243     0.159 57066.16305013 32.83 270.518222  29.344982 29.892 -100.00 -100.00 -100.00
 244     0.314 57076.07868209 45.95 270.519074  29.341509   -100 -100.00 -100.00 -100.00
 244     0.361 57076.07868268 46.98 270.520312  29.343926   -100 -100.00 -100.00 -100.00
 245     0.327 57085.99431200 27.78 270.521908  29.341102  6.993 -100.00 -100.00 -100.00
 245     0.861 57085.99431259 29.18 270.523146  29.343519  7.876 -100.00 -100.00 -100.00
 245     0.995 57085.99431318 33.05 270.524383  29.345935 15.472 -100.00 -100.00 -100.00
 246     0.960 57095.90996949 30.55 270.516575  29.342381  7.548 -100.00 -100.00 -100.00
 246     0.950 57095.90997008 30.81 270.517812  29.344797  8.793 -100.00 -100.00 -100.00
 247     1.369 57105.82562549 34.70 270.511885  29.341908 28.216 -100.00 -100.00 -100.00
 247     1.315 57105.82562608 32.38 270.513123  29.344325 18.609 -100.00 -100.00 -100.00
 247     1.184 57105.82562667 38.39 270.514360  29.346742   -100 -100.00 -100.00 -100.00
 248     1.529 57115.74127747 30.19 270.511193  29.342625 15.675 -100.00 -100.00 -100.00
 248     1.257 57115.74127806 28.86 270.512431  29.345042 10.801 -100.00 -100.00 -100.00
 248     0.808 57115.74127865 34.36 270.513668  29.347459 25.932 -100.00 -100.00 -100.00
 249     1.346 57125.65692284 27.73 270.511580  29.341489  8.192 -100.00 -100.00 -100.00
 249     1.223 57125.65692343 28.18 270.512818  29.343906  8.087 -100.00 -100.00 -100.00
 249     0.622 57125.65692402 30.57 270.514055  29.346323 14.247 -100.00 -100.00 -100.00
 250     1.084 57135.57256336 25.32 270.513632  29.342872  5.685 -100.00 -100.00 -100.00
 250     1.168 57135.57256396 28.96 270.514870  29.345288 10.789 -100.00 -100.00 -100.00
