#  176.000  -0.045   2.673 ;Mean Elev.(m), Avg Gradient(m/km), RMS Gradient(m/km) - SRTM1     
#    0.000   0.000   0.000 ;Mean Elev.(m), Avg Gradient(m/km), RMS Gradient(m/km) - ASTER GDEM
#  176.029   0.055   2.970 ;Mean Elev.(m), Avg Gradient(m/km), RMS Gradient(m/km) - GMTED2010 
   1   174.920 54667.59554882 34.67 269.825395  41.862772 31.373 -100.00 -100.00 -100.00
   1   174.958 54667.59554941 34.67 269.827165  41.865057 28.414 -100.00 -100.00 -100.00
   1   174.717 54667.59555000 38.47 269.828935  41.867342   -100 -100.00 -100.00 -100.00
   2   174.226 54677.51119354 43.94 269.824915  41.865041 11.796 -100.00 -100.00 -100.00
   2   174.131 54677.51119413 39.55 269.826685  41.867327 17.778 -100.00 -100.00 -100.00
   2   174.163 54677.51119472 31.53 269.828455  41.869612   -100 -100.00 -100.00 -100.00
   2   174.144 54677.51119531 35.83 269.830226  41.871897   -100 -100.00 -100.00 -100.00
   3   174.301 54687.42683729 45.29 269.826432  41.868767   -100 -100.00 -100.00 -100.00
   3   174.084 54687.42683788 40.38 269.828202  41.871052   -100 -100.00 -100.00 -100.00
   3   173.855 54687.42683847 36.41 269.829972  41.873338   -100 -100.00 -100.00 -100.00
   3   174.077 54687.42683906 32.23 269.831743  41.875623 32.269 -100.00 -100.00 -100.00
   4   174.454 54697.34247749 46.92 269.824966  41.865024   -100 -100.00 -100.00 -100.00
   4   174.013 54697.34247808 49.15 269.826736  41.867309 13.711 -100.00 -100.00 -100.00
   4   173.966 54697.34247867 54.23 269.828506  41.869594   -100 -100.00 -100.00 -100.00
   4   173.971 54697.34247926 54.58 269.830276  41.871879   -100 -100.00 -100.00 -100.00
   5   173.838 54707.25811779 50.35 269.825071  41.860854   -100 -100.00 -100.00 -100.00
   5   173.711 54707.25811838 40.60 269.826841  41.863139 12.066 -100.00 -100.00 -100.00
   5   173.892 54707.25811897 40.66 269.828611  41.865424  9.940 -100.00 -100.00 -100.00
   6   176.340 54717.17376985 23.73 269.826005  41.861944 12.190 -100.00 -100.00 -100.00
   6   176.537 54717.17377045 25.19 269.827775  41.864229 13.241 -100.00 -100.00 -100.00
   7   173.821 54727.08941938 49.31 269.826091  41.862651 26.207 -100.00 -100.00 -100.00
   7   173.812 54727.08941997 50.70 269.827861  41.864936 31.014 -100.00 -100.00 -100.00
   8   173.947 54737.00506785 31.69 269.825621  41.865765 12.044 -100.00 -100.00 -100.00
   8   173.851 54737.00506844 35.41 269.827391  41.868051 21.223 -100.00 -100.00 -100.00
   8   173.796 54737.00506903 40.86 269.829161  41.870336   -100 -100.00 -100.00 -100.00
   8   173.817 54737.00506962 38.96 269.830932  41.872620   -100 -100.00 -100.00 -100.00
   9   180.058 54746.92071729 27.85 269.828108  41.874199 10.134 -100.00 -100.00 -100.00
   9   179.876 54746.92071788 28.95 269.829879  41.876484 12.357 -100.00 -100.00 -100.00
   9   173.764 54746.92071847 35.76 269.831650  41.878769   -100 -100.00 -100.00 -100.00
   9   173.981 54746.92071906 35.45 269.833421  41.881054 31.979 -100.00 -100.00 -100.00
   9   173.950 54746.92071965 38.37 269.835192  41.883339   -100 -100.00 -100.00 -100.00
   9   173.929 54746.92072024 39.55 269.836964  41.885624   -100 -100.00 -100.00 -100.00
   9   173.733 54746.92072083 40.99 269.838735  41.887909  9.161 -100.00 -100.00 -100.00
   9   174.008 54746.92072142 38.40 269.840507  41.890194   -100 -100.00 -100.00 -100.00
   9   173.998 54746.92072201 38.11 269.842279  41.892478   -100 -100.00 -100.00 -100.00
  10   173.878 54756.83636570 31.05 269.829551  41.879550   -100 -100.00 -100.00 -100.00
  10   174.077 54756.83636629 31.67 269.831322  41.881835   -100 -100.00 -100.00 -100.00
  10   174.075 54756.83636688 32.89 269.833093  41.884120   -100 -100.00 -100.00 -100.00
  10   174.246 54756.83636747 35.20 269.834865  41.886405   -100 -100.00 -100.00 -100.00
  10   174.071 54756.83636924 39.06 269.840180  41.893260  6.148 -100.00 -100.00 -100.00
  10   175.364 54756.83636983 33.40 269.841951  41.895545   -100 -100.00 -100.00 -100.00
  11   174.008 54766.75201101 30.52 269.829823  41.878737   -100 -100.00 -100.00 -100.00
  11   174.130 54766.75201160 29.16 269.831594  41.881022 23.401 -100.00 -100.00 -100.00
  11   174.030 54766.75201219 31.51 269.833365  41.883307 28.230 -100.00 -100.00 -100.00
  11   174.120 54766.75201278 34.33 269.835137  41.885592   -100 -100.00 -100.00 -100.00
  11   174.004 54766.75201337 36.00 269.836908  41.887877   -100 -100.00 -100.00 -100.00
  11   174.280 54766.75201396 36.98 269.838680  41.890162   -100 -100.00 -100.00 -100.00
  11   174.139 54766.75201455 38.93 269.840452  41.892447  2.578 -100.00 -100.00 -100.00
  11   175.324 54766.75201514 35.51 269.842224  41.894732   -100 -100.00 -100.00 -100.00
  11   176.868 54766.75201573 34.29 269.843996  41.897017 29.246 -100.00 -100.00 -100.00
  12   172.513 54776.66765159 27.36 269.827593  41.871095 20.487 -100.00 -100.00 -100.00
  12   172.589 54776.66765219 30.90 269.829364  41.873380   -100 -100.00 -100.00 -100.00
  12   173.470 54776.66765278 26.75 269.831135  41.875665 21.734 -100.00 -100.00 -100.00
  12   173.307 54776.66765337 31.46 269.832906  41.877950   -100 -100.00 -100.00 -100.00
  13   174.112 54786.58328960 46.26 269.824765  41.863424   -100 -100.00 -100.00 -100.00
  13   174.039 54786.58329019 37.38 269.826535  41.865709  7.669 -100.00 -100.00 -100.00
  13   174.146 54786.58329078 29.73 269.828306  41.867994 31.508 -100.00 -100.00 -100.00
  13   174.327 54786.58329137 33.50 269.830077  41.870280   -100 -100.00 -100.00 -100.00
  14   174.414 54796.49892788 43.82 269.825350  41.862947   -100 -100.00 -100.00 -100.00
  14   174.346 54796.49892847 45.70 269.827121  41.865232   -100 -100.00 -100.00 -100.00
  14   173.927 54796.49892906 52.19 269.828891  41.867518 30.387 -100.00 -100.00 -100.00
  17   174.001 54826.24585064 20.59 269.825918  41.863800  3.825 -100.00 -100.00 -100.00
  17   173.979 54826.24585123 21.90 269.827688  41.866085  6.102 -100.00 -100.00 -100.00
  17   174.045 54826.24585183 21.60 269.829458  41.868370  3.887 -100.00 -100.00 -100.00
  18   174.169 54836.16149055 38.60 269.826166  41.867596   -100 -100.00 -100.00 -100.00
  18   174.253 54836.16149114 39.26 269.827936  41.869881   -100 -100.00 -100.00 -100.00
  18   173.952 54836.16149173 41.27 269.829707  41.872166   -100 -100.00 -100.00 -100.00
  18   173.941 54836.16149232 39.78 269.831478  41.874452   -100 -100.00 -100.00 -100.00
  19   174.136 54846.07714199 34.38 269.829009  41.876292 32.642 -100.00 -100.00 -100.00
  19   173.884 54846.07714258 31.65 269.830780  41.878578 24.920 -100.00 -100.00 -100.00
  19   174.010 54846.07714317 35.18 269.832551  41.880863   -100 -100.00 -100.00 -100.00
  19   174.000 54846.07714376 38.94 269.834323  41.883148   -100 -100.00 -100.00 -100.00
  19   174.077 54846.07714436 38.83 269.836094  41.885433   -100 -100.00 -100.00 -100.00
  19   174.223 54846.07714495 39.90 269.837866  41.887719   -100 -100.00 -100.00 -100.00
  19   173.904 54846.07714554 35.72 269.839637  41.890004   -100 -100.00 -100.00 -100.00
  19   173.958 54846.07714613 40.74 269.841409  41.892289   -100 -100.00 -100.00 -100.00
  19   176.750 54846.07714672 33.78 269.843181  41.894574 26.195 -100.00 -100.00 -100.00
  20   174.375 54855.99279244 26.19 269.830854  41.882808 11.666 -100.00 -100.00 -100.00
  20   174.034 54855.99279303 32.92 269.832626  41.885093   -100 -100.00 -100.00 -100.00
  20   176.082 54855.99279540 27.97 269.839712  41.894234 15.086 -100.00 -100.00 -100.00
  20   176.369 54855.99279599 29.16 269.841485  41.896519 18.279 -100.00 -100.00 -100.00
  24   174.587 54895.65537791 28.56 269.830635  41.880799  9.589 -100.00 -100.00 -100.00
  24   174.948 54895.65537850 30.22 269.832406  41.883085 13.087 -100.00 -100.00 -100.00
  24   174.231 54895.65537909 33.81 269.834178  41.885370 20.894 -100.00 -100.00 -100.00
  24   176.314 54895.65538086 35.40 269.839494  41.892226 21.661 -100.00 -100.00 -100.00
  24   176.730 54895.65538146 35.08 269.841266  41.894512 17.206 -100.00 -100.00 -100.00
  24   176.671 54895.65538205 39.02 269.843039  41.896797 29.466 -100.00 -100.00 -100.00
  25   174.772 54905.57101683 48.12 269.829802  41.878332   -100 -100.00 -100.00 -100.00
  25   174.779 54905.57101742 52.07 269.831573  41.880618   -100 -100.00 -100.00 -100.00
  25   174.423 54905.57101801 54.24 269.833345  41.882903 32.383 -100.00 -100.00 -100.00
  25   174.462 54905.57101860 52.85 269.835117  41.885188   -100 -100.00 -100.00 -100.00
  25   174.480 54905.57101919 49.65 269.836889  41.887474   -100 -100.00 -100.00 -100.00
  25   174.534 54905.57101978 43.25 269.838661  41.889759   -100 -100.00 -100.00 -100.00
  25   176.263 54905.57102037 41.26 269.840433  41.892044   -100 -100.00 -100.00 -100.00
  25   176.902 54905.57102096 40.87 269.842206  41.894329 30.529 -100.00 -100.00 -100.00
  25   176.701 54905.57102155 45.48 269.843978  41.896615   -100 -100.00 -100.00 -100.00
  26   180.059 54915.48665439 24.69 269.828606  41.876072  7.724 -100.00 -100.00 -100.00
  26   179.961 54915.48665498 24.51 269.830378  41.878357  7.808 -100.00 -100.00 -100.00
  26   175.065 54915.48665557 26.93 269.832149  41.880643 12.686 -100.00 -100.00 -100.00
  26   175.002 54915.48665616 32.77 269.833921  41.882928 32.310 -100.00 -100.00 -100.00
  26   174.956 54915.48665675 33.80 269.835693  41.885213   -100 -100.00 -100.00 -100.00
  26   174.978 54915.48665734 36.01 269.837465  41.887498   -100 -100.00 -100.00 -100.00
  26   175.118 54915.48665793 35.65 269.839237  41.889784   -100 -100.00 -100.00 -100.00
  26   175.190 54915.48665852 36.70 269.841009  41.892069   -100 -100.00 -100.00 -100.00
  26   175.611 54915.48665911 36.84 269.842781  41.894354   -100 -100.00 -100.00 -100.00
  27   175.892 54925.40229191 44.87 269.828584  41.875377   -100 -100.00 -100.00 -100.00
  27   175.866 54925.40229250 45.87 269.830355  41.877663   -100 -100.00 -100.00 -100.00
  27   175.560 54925.40229309 48.23 269.832127  41.879948 17.538 -100.00 -100.00 -100.00
  27   175.569 54925.40229368 43.77 269.833898  41.882233  6.368 -100.00 -100.00 -100.00
  27   175.604 54925.40229427 40.37 269.835670  41.884519   -100 -100.00 -100.00 -100.00
  27   175.611 54925.40229486 41.83 269.837442  41.886804   -100 -100.00 -100.00 -100.00
  27   175.620 54925.40229546 38.43 269.839213  41.889089   -100 -100.00 -100.00 -100.00
  27   175.633 54925.40229605 36.68 269.840986  41.891374 31.072 -100.00 -100.00 -100.00
  27   175.609 54925.40229664 36.55 269.842758  41.893659 32.698 -100.00 -100.00 -100.00
  28   175.593 54935.31792822 32.77 269.828256  41.872254   -100 -100.00 -100.00 -100.00
  28   175.598 54935.31792882 26.50 269.830026  41.874539 17.981 -100.00 -100.00 -100.00
  28   175.681 54935.31792941 25.47 269.831797  41.876824 13.623 -100.00 -100.00 -100.00
  28   175.612 54935.31793000 25.38 269.833569  41.879110 14.068 -100.00 -100.00 -100.00
  29   174.867 54945.23356091 53.28 269.824520  41.861797 28.361 -100.00 -100.00 -100.00
  29   175.147 54945.23356150 51.31 269.826290  41.864083   -100 -100.00 -100.00 -100.00
  29   174.926 54945.23356209 55.31 269.828060  41.866368   -100 -100.00 -100.00 -100.00
  30   175.178 54955.14919072 35.66 269.820548  41.848909 30.220 -100.00 -100.00 -100.00
  30   175.275 54955.14919190 34.94 269.824087  41.853480 23.173 -100.00 -100.00 -100.00
  30   175.255 54955.14919249 35.57 269.825857  41.855765 27.844 -100.00 -100.00 -100.00
  30   175.473 54955.14919308 37.46 269.827627  41.858051 30.078 -100.00 -100.00 -100.00
  31   179.154 54965.06483743 25.37 269.820079  41.848802  9.577 -100.00 -100.00 -100.00
  31   178.741 54965.06483862 28.23 269.823618  41.853373 15.236 -100.00 -100.00 -100.00
  31   177.663 54965.06483921 30.33 269.825388  41.855658 22.481 -100.00 -100.00 -100.00
  31   175.130 54965.06483980 33.71 269.827158  41.857943   -100 -100.00 -100.00 -100.00
  32   174.385 54974.98048803 36.12 269.825555  41.859506 32.282 -100.00 -100.00 -100.00
  32   174.230 54974.98048862 37.05 269.827325  41.861791   -100 -100.00 -100.00 -100.00
  33   174.251 54984.89613637 39.77 269.824513  41.862329 18.828 -100.00 -100.00 -100.00
  33   174.319 54984.89613696 35.61 269.826283  41.864614   -100 -100.00 -100.00 -100.00
  33   174.408 54984.89613755 35.70 269.828054  41.866899   -100 -100.00 -100.00 -100.00
  33   174.416 54984.89613814 38.45 269.829824  41.869184   -100 -100.00 -100.00 -100.00
  34   174.244 54994.81178520 26.98 269.826071  41.866685  7.628 -100.00 -100.00 -100.00
  34   174.294 54994.81178579 26.46 269.827842  41.868971  6.598 -100.00 -100.00 -100.00
  34   174.337 54994.81178638 33.41 269.829612  41.871256 17.462 -100.00 -100.00 -100.00
  34   174.564 54994.81178697 29.36 269.831383  41.873541  9.427 -100.00 -100.00 -100.00
  35   174.644 55004.72743218 37.90 269.826738  41.869067   -100 -100.00 -100.00 -100.00
  35   174.569 55004.72743277 32.54 269.828509  41.871352 17.281 -100.00 -100.00 -100.00
  35   174.829 55004.72743336 31.66 269.830279  41.873637 15.737 -100.00 -100.00 -100.00
  35   174.597 55004.72743395 33.52 269.832050  41.875923 20.346 -100.00 -100.00 -100.00
  36   174.261 55014.64307743 28.08 269.828902  41.873467 21.263 -100.00 -100.00 -100.00
  36   174.236 55014.64307802 28.99 269.830673  41.875752 20.979 -100.00 -100.00 -100.00
  36   174.142 55014.64307861 26.43 269.832444  41.878037 14.281 -100.00 -100.00 -100.00
  36   174.046 55014.64307920 32.31 269.834215  41.880323   -100 -100.00 -100.00 -100.00
  37   173.949 55024.55872017 36.20 269.828052  41.873949 21.082 -100.00 -100.00 -100.00
  37   173.749 55024.55872076 40.98 269.829823  41.876234   -100 -100.00 -100.00 -100.00
  37   173.768 55024.55872135 40.97 269.831594  41.878519   -100 -100.00 -100.00 -100.00
  37   173.831 55024.55872194 40.99 269.833365  41.880805   -100 -100.00 -100.00 -100.00
  37   173.941 55024.55872253 40.31 269.835136  41.883090   -100 -100.00 -100.00 -100.00
  37   174.019 55024.55872312 42.89 269.836907  41.885375   -100 -100.00 -100.00 -100.00
  37   174.004 55024.55872371 39.56 269.838679  41.887660 32.089 -100.00 -100.00 -100.00
  37   173.713 55024.55872430 43.76 269.840450  41.889945   -100 -100.00 -100.00 -100.00
  37   176.573 55024.55872489 38.97 269.842222  41.892230 25.445 -100.00 -100.00 -100.00
  38   174.447 55034.47436286 47.10 269.829120  41.877060   -100 -100.00 -100.00 -100.00
  38   174.234 55034.47436345 50.99 269.830891  41.879345   -100 -100.00 -100.00 -100.00
  38   174.062 55034.47436404 53.15 269.832662  41.881631 12.209 -100.00 -100.00 -100.00
  38   173.945 55034.47436463 53.23 269.834433  41.883916 24.741 -100.00 -100.00 -100.00
  38   173.945 55034.47436523 50.51 269.836205  41.886201 23.657 -100.00 -100.00 -100.00
  38   173.948 55034.47436582 44.90 269.837976  41.888486   -100 -100.00 -100.00 -100.00
  38   173.919 55034.47436641 42.99 269.839748  41.890771   -100 -100.00 -100.00 -100.00
  38   173.886 55034.47436700 38.64 269.841519  41.893056 26.527 -100.00 -100.00 -100.00
  38   175.901 55034.47436759 35.93 269.843291  41.895341 19.284 -100.00 -100.00 -100.00
  39   179.977 55044.39000398 20.90 269.829478  41.876368  6.727 -100.00 -100.00 -100.00
  39   173.764 55044.39000458 24.11 269.831249  41.878654 11.845 -100.00 -100.00 -100.00
  39   174.663 55044.39000517 24.09 269.833020  41.880939 10.345 -100.00 -100.00 -100.00
  39   173.851 55044.39000576 29.72 269.834791  41.883224 26.165 -100.00 -100.00 -100.00
  39   174.213 55044.39000635 31.07 269.836562  41.885509 22.583 -100.00 -100.00 -100.00
  39   174.124 55044.39000694 33.39 269.838333  41.887794 29.564 -100.00 -100.00 -100.00
  39   174.002 55044.39000753 35.87 269.840105  41.890079   -100 -100.00 -100.00 -100.00
  39   174.372 55044.39000812 33.35 269.841876  41.892364 30.301 -100.00 -100.00 -100.00
  40   174.448 55054.30564090 47.26 269.824736  41.864960 17.538 -100.00 -100.00 -100.00
  40   175.069 55054.30564149 46.94 269.826506  41.867245 31.008 -100.00 -100.00 -100.00
  40   174.363 55054.30564208 52.40 269.828276  41.869530   -100 -100.00 -100.00 -100.00
  40   174.495 55054.30564268 53.24 269.830046  41.871815 11.811 -100.00 -100.00 -100.00
  41   173.971 55064.22127690 34.64 269.824481  41.858215  4.798 -100.00 -100.00 -100.00
  41   174.105 55064.22127749 29.21 269.826251  41.860501   -100 -100.00 -100.00 -100.00
  41   177.745 55064.22127808 24.46 269.828020  41.862786 13.214 -100.00 -100.00 -100.00
  42   174.696 55074.13692351 51.32 269.825327  41.859651   -100 -100.00 -100.00 -100.00
  42   174.682 55074.13692410 53.12 269.827097  41.861936   -100 -100.00 -100.00 -100.00
  43   173.850 55084.05257255 45.98 269.826127  41.864727   -100 -100.00 -100.00 -100.00
  43   173.971 55084.05257314 48.64 269.827897  41.867012   -100 -100.00 -100.00 -100.00
  43   174.054 55084.05257373 50.39 269.829668  41.869297   -100 -100.00 -100.00 -100.00
  44   173.760 55093.96822043 34.90 269.827283  41.870717   -100 -100.00 -100.00 -100.00
  44   173.691 55093.96822102 31.63 269.829053  41.873002 26.811 -100.00 -100.00 -100.00
  44   173.741 55093.96822161 28.05 269.830824  41.875287 16.150 -100.00 -100.00 -100.00
  44   173.817 55093.96822220 27.87 269.832595  41.877572 15.304 -100.00 -100.00 -100.00
  45   173.511 55103.88386772 24.50 269.828002  41.873923 15.075 -100.00 -100.00 -100.00
  45   173.692 55103.88386831 24.06 269.829773  41.876208 13.387 -100.00 -100.00 -100.00
  45   173.780 55103.88386890 25.17 269.831544  41.878493 16.600 -100.00 -100.00 -100.00
  45   173.770 55103.88386949 29.51 269.833315  41.880778 31.473 -100.00 -100.00 -100.00
  45   174.047 55103.88387008 32.12 269.835087  41.883063 29.531 -100.00 -100.00 -100.00
  45   173.907 55103.88387067 33.39 269.836858  41.885348   -100 -100.00 -100.00 -100.00
  45   173.832 55103.88387126 36.17 269.838629  41.887633   -100 -100.00 -100.00 -100.00
  45   173.834 55103.88387185 37.79 269.840401  41.889918  0.238 -100.00 -100.00 -100.00
  45   174.557 55103.88387244 34.30 269.842173  41.892203   -100 -100.00 -100.00 -100.00
  46   173.995 55113.79951469 36.69 269.829471  41.876094   -100 -100.00 -100.00 -100.00
  46   174.056 55113.79951528 34.47 269.831242  41.878379   -100 -100.00 -100.00 -100.00
  46   173.913 55113.79951587 38.09 269.833013  41.880664  5.845 -100.00 -100.00 -100.00
  46   174.210 55113.79951646 38.11 269.834784  41.882949   -100 -100.00 -100.00 -100.00
  46   174.028 55113.79951705 39.05 269.836555  41.885234  5.861 -100.00 -100.00 -100.00
  46   173.965 55113.79951764 40.10 269.838327  41.887519 12.096 -100.00 -100.00 -100.00
  46   173.962 55113.79951823 41.05 269.840099  41.889804  0.607 -100.00 -100.00 -100.00
  46   174.189 55113.79951882 40.85 269.841870  41.892089   -100 -100.00 -100.00 -100.00
  47   174.041 55123.71515764 23.97 269.827600  41.871541 13.722 -100.00 -100.00 -100.00
  47   174.180 55123.71515823 24.24 269.829371  41.873827 11.055 -100.00 -100.00 -100.00
  47   173.787 55123.71515882 24.20 269.831142  41.876112 13.813 -100.00 -100.00 -100.00
  47   173.842 55123.71515941 26.29 269.832913  41.878397 18.522 -100.00 -100.00 -100.00
  48   174.782 55133.63079776 32.56 269.826229  41.867221   -100 -100.00 -100.00 -100.00
  48   174.825 55133.63079835 25.38 269.827999  41.869507 15.151 -100.00 -100.00 -100.00
  48   174.959 55133.63079894 28.24 269.829770  41.871792 22.143 -100.00 -100.00 -100.00
  48   179.926 55133.63079953 22.92 269.831541  41.874077  8.185 -100.00 -100.00 -100.00
  49   174.606 55143.54643605 31.71 269.825575  41.864901 13.115 -100.00 -100.00 -100.00
  49   176.128 55143.54643664 30.42 269.827345  41.867187  8.339 -100.00 -100.00 -100.00
  49   174.961 55143.54643723 32.53 269.829116  41.869472 13.298 -100.00 -100.00 -100.00
  50   176.273 55153.46207414 26.44 269.825788  41.865425 18.065 -100.00 -100.00 -100.00
  50   174.400 55153.46207473 32.72 269.827559  41.867711   -100 -100.00 -100.00 -100.00
  50   174.489 55153.46207532 35.34 269.829329  41.869996   -100 -100.00 -100.00 -100.00
  51   174.425 55163.37771231 46.99 269.825863  41.865084   -100 -100.00 -100.00 -100.00
  51   174.385 55163.37771290 51.12 269.827634  41.867370  1.918 -100.00 -100.00 -100.00
  51   174.342 55163.37771349 53.20 269.829404  41.869655   -100 -100.00 -100.00 -100.00
  52   174.125 55173.29334952 47.35 269.824852  41.861819 11.424 -100.00 -100.00 -100.00
  52   174.185 55173.29335011 48.17 269.826622  41.864104  2.928 -100.00 -100.00 -100.00
  52   174.091 55173.29335070 52.44 269.828393  41.866390 32.383 -100.00 -100.00 -100.00
  53   173.793 55183.20898606 44.27 269.824584  41.858051 15.806 -100.00 -100.00 -100.00
  53   174.252 55183.20898665 43.75 269.826354  41.860337   -100 -100.00 -100.00 -100.00
  53   173.857 55183.20898724 45.42 269.828124  41.862622 10.007 -100.00 -100.00 -100.00
  54   174.742 55193.12463855 45.29 269.825984  41.864497  2.491 -100.00 -100.00 -100.00
  54   174.688 55193.12463914 48.22 269.827755  41.866782   -100 -100.00 -100.00 -100.00
  54   174.701 55193.12463973 47.15 269.829525  41.869068 29.849 -100.00 -100.00 -100.00
  55   174.245 55203.04029050 38.90 269.828197  41.873718   -100 -100.00 -100.00 -100.00
  55   174.310 55203.04029109 36.97 269.829968  41.876003   -100 -100.00 -100.00 -100.00
  55   174.354 55203.04029168 40.86 269.831739  41.878288   -100 -100.00 -100.00 -100.00
  55   174.039 55203.04029227 41.23 269.833510  41.880574  3.370 -100.00 -100.00 -100.00
  55   174.073 55203.04029286 40.08 269.835281  41.882859   -100 -100.00 -100.00 -100.00
  55   174.078 55203.04029345 40.69 269.837052  41.885144  4.521 -100.00 -100.00 -100.00
  55   174.096 55203.04029404 42.22 269.838824  41.887429  7.858 -100.00 -100.00 -100.00
  55   174.113 55203.04029463 37.74 269.840595  41.889714   -100 -100.00 -100.00 -100.00
  56   174.246 55212.95594138 30.88 269.829498  41.880354 29.942 -100.00 -100.00 -100.00
  56   174.255 55212.95594197 31.12 269.831269  41.882639   -100 -100.00 -100.00 -100.00
  56   174.280 55212.95594256 33.34 269.833041  41.884924   -100 -100.00 -100.00 -100.00
  56   174.084 55212.95594492 38.14 269.840127  41.894065  1.550 -100.00 -100.00 -100.00
  56   174.109 55212.95594551 39.09 269.841899  41.896350  2.840 -100.00 -100.00 -100.00
  57   174.724 55222.87159098 33.73 269.830111  41.882536 27.377 -100.00 -100.00 -100.00
  57   176.702 55222.87159452 31.27 269.840741  41.896248 16.203 -100.00 -100.00 -100.00
  58   174.075 55232.78723857 37.21 269.830602  41.881422   -100 -100.00 -100.00 -100.00
  58   174.091 55232.78723916 37.75 269.832373  41.883707   -100 -100.00 -100.00 -100.00
  58   174.112 55232.78723975 38.54 269.834145  41.885993   -100 -100.00 -100.00 -100.00
  58   174.336 55232.78724211 34.34 269.841232  41.895134   -100 -100.00 -100.00 -100.00
  59   174.514 55242.70288183 37.94 269.829113  41.875499 31.465 -100.00 -100.00 -100.00
  59   174.041 55242.70288242 44.11 269.830885  41.877785 10.401 -100.00 -100.00 -100.00
  59   173.935 55242.70288301 44.24 269.832656  41.880070   -100 -100.00 -100.00 -100.00
  59   173.979 55242.70288360 46.51 269.834428  41.882356   -100 -100.00 -100.00 -100.00
  59   173.980 55242.70288419 43.71 269.836199  41.884641   -100 -100.00 -100.00 -100.00
  59   174.001 55242.70288478 41.37 269.837971  41.886927 25.094 -100.00 -100.00 -100.00
  59   174.032 55242.70288537 39.56 269.839743  41.889212 11.455 -100.00 -100.00 -100.00
  59   174.099 55242.70288596 40.16 269.841515  41.891497  5.687 -100.00 -100.00 -100.00
  60   174.589 55252.61852226 36.92 269.827877  41.872614 29.834 -100.00 -100.00 -100.00
  60   174.455 55252.61852285 39.07 269.829648  41.874899   -100 -100.00 -100.00 -100.00
  60   174.320 55252.61852344 41.91 269.831419  41.877184   -100 -100.00 -100.00 -100.00
  60   174.037 55252.61852403 45.49 269.833191  41.879470   -100 -100.00 -100.00 -100.00
  60   174.052 55252.61852462 48.45 269.834963  41.881755   -100 -100.00 -100.00 -100.00
  60   174.058 55252.61852521 43.09 269.836734  41.884041   -100 -100.00 -100.00 -100.00
  61   174.600 55262.53416155 43.89 269.828814  41.875383 29.155 -100.00 -100.00 -100.00
  61   174.375 55262.53416214 47.23 269.830586  41.877668   -100 -100.00 -100.00 -100.00
  61   174.243 55262.53416273 51.14 269.832357  41.879954   -100 -100.00 -100.00 -100.00
  61   174.232 55262.53416332 50.91 269.834129  41.882239  0.754 -100.00 -100.00 -100.00
  61   174.231 55262.53416391 50.01 269.835901  41.884524   -100 -100.00 -100.00 -100.00
  61   174.205 55262.53416450 47.53 269.837673  41.886810   -100 -100.00 -100.00 -100.00
  61   174.065 55262.53416509 45.84 269.839445  41.889095   -100 -100.00 -100.00 -100.00
  61   173.830 55262.53416568 44.03 269.841217  41.891380   -100 -100.00 -100.00 -100.00
  61   176.369 55262.53416627 40.72 269.842989  41.893665   -100 -100.00 -100.00 -100.00
  62   175.586 55272.44979975 49.29 269.830128  41.878223  4.333 -100.00 -100.00 -100.00
  62   175.449 55272.44980034 50.66 269.831899  41.880509   -100 -100.00 -100.00 -100.00
  62   175.481 55272.44980093 44.97 269.833671  41.882794  0.695 -100.00 -100.00 -100.00
  62   175.502 55272.44980152 40.84 269.835442  41.885079   -100 -100.00 -100.00 -100.00
  62   175.543 55272.44980211 40.43 269.837214  41.887365   -100 -100.00 -100.00 -100.00
  62   176.151 55272.44980270 40.58 269.838986  41.889650   -100 -100.00 -100.00 -100.00
  62   176.407 55272.44980329 42.03 269.840758  41.891935   -100 -100.00 -100.00 -100.00
  62   176.497 55272.44980388 44.22 269.842530  41.894220   -100 -100.00 -100.00 -100.00
  63   176.228 55282.36543600 37.00 269.828460  41.873619   -100 -100.00 -100.00 -100.00
  63   176.244 55282.36543659 39.21 269.830231  41.875904  5.452 -100.00 -100.00 -100.00
  63   176.754 55282.36543718 39.92 269.832002  41.878190   -100 -100.00 -100.00 -100.00
  63   176.733 55282.36543777 39.71 269.833774  41.880475   -100 -100.00 -100.00 -100.00
  63   176.302 55282.36543836 45.59 269.835545  41.882760   -100 -100.00 -100.00 -100.00
  63   176.325 55282.36543895 44.28 269.837317  41.885046   -100 -100.00 -100.00 -100.00
  64   176.473 55292.28106977 43.11 269.824952  41.863201  4.128 -100.00 -100.00 -100.00
  64   176.501 55292.28107036 43.29 269.826723  41.865487  5.980 -100.00 -100.00 -100.00
  64   176.527 55292.28107095 37.79 269.828493  41.867772   -100 -100.00 -100.00 -100.00
  65   175.532 55302.19670291 37.24 269.823916  41.855114   -100 -100.00 -100.00 -100.00
  65   175.529 55302.19670350 37.45 269.825686  41.857400   -100 -100.00 -100.00 -100.00
  65   175.544 55302.19670409 37.19 269.827456  41.859685   -100 -100.00 -100.00 -100.00
  66   174.811 55312.11235116 34.77 269.825604  41.858386   -100 -100.00 -100.00 -100.00
  66   174.707 55312.11235175 33.45 269.827375  41.860671   -100 -100.00 -100.00 -100.00
  67   174.416 55322.02799681 35.46 269.824760  41.860432  0.403 -100.00 -100.00 -100.00
  67   174.633 55322.02799741 31.99 269.826530  41.862717   -100 -100.00 -100.00 -100.00
  67   176.358 55322.02799800 29.61 269.828300  41.865002 30.964 -100.00 -100.00 -100.00
  68   175.446 55331.94364214 35.16 269.825562  41.865358 18.754 -100.00 -100.00 -100.00
  68   176.282 55331.94364273 28.91 269.827332  41.867644  7.211 -100.00 -100.00 -100.00
  68   175.387 55331.94364332 33.73 269.829103  41.869929 15.226 -100.00 -100.00 -100.00
  68   175.264 55331.94364391 39.19 269.830873  41.872214 30.121 -100.00 -100.00 -100.00
  69   178.153 55341.85928740 26.09 269.826789  41.869589 10.863 -100.00 -100.00 -100.00
  69   175.188 55341.85928799 26.55 269.828559  41.871874 12.051 -100.00 -100.00 -100.00
  69   174.939 55341.85928859 24.87 269.830330  41.874159  9.565 -100.00 -100.00 -100.00
  69   174.703 55341.85928918 26.51 269.832101  41.876444 13.955 -100.00 -100.00 -100.00
  70   184.305 55351.77493145 20.67 269.826622  41.869014  7.487 -100.00 -100.00 -100.00
  70   178.563 55351.77493204 20.66 269.828393  41.871300  7.293 -100.00 -100.00 -100.00
  70   178.230 55351.77493263 22.37 269.830164  41.873585  9.972 -100.00 -100.00 -100.00
  70   173.982 55351.77493322 23.75 269.831934  41.875870 13.097 -100.00 -100.00 -100.00
  71   174.499 55361.69057252 44.22 269.824870  41.865193  8.952 -100.00 -100.00 -100.00
  71   174.693 55361.69057311 42.38 269.826640  41.867479   -100 -100.00 -100.00 -100.00
  71   174.465 55361.69057370 47.07 269.828410  41.869764   -100 -100.00 -100.00 -100.00
  71   174.419 55361.69057429 46.03 269.830181  41.872050 16.955 -100.00 -100.00 -100.00
  72   175.528 55371.60621229 30.63 269.824987  41.865148 21.252 -100.00 -100.00 -100.00
  72   178.493 55371.60621288 27.10 269.826757  41.867434 12.509 -100.00 -100.00 -100.00
  72   175.408 55371.60621347 27.79 269.828528  41.869719 12.289 -100.00 -100.00 -100.00
  72   175.513 55371.60621406 36.20 269.830298  41.872004   -100 -100.00 -100.00 -100.00
  74   175.414 55391.43748824 46.59 269.825845  41.866819 28.086 -100.00 -100.00 -100.00
  74   175.425 55391.43748883 43.89 269.827615  41.869105 22.069 -100.00 -100.00 -100.00
  74   175.442 55391.43748942 44.38 269.829385  41.871390 25.028 -100.00 -100.00 -100.00
  74   175.443 55391.43749001 46.63 269.831156  41.873675   -100 -100.00 -100.00 -100.00
  75   176.168 55401.35312360 52.52 269.826152  41.863238 24.352 -100.00 -100.00 -100.00
  75   176.264 55401.35312419 54.35 269.827922  41.865523 13.011 -100.00 -100.00 -100.00
  76   175.760 55411.26877241 51.60 269.825695  41.860684   -100 -100.00 -100.00 -100.00
  76   175.746 55411.26877300 53.37 269.827465  41.862969   -100 -100.00 -100.00 -100.00
  77   175.098 55421.18442141 52.21 269.824578  41.858055   -100 -100.00 -100.00 -100.00
  77   175.083 55421.18442200 48.79 269.826348  41.860340   -100 -100.00 -100.00 -100.00
  77   174.736 55421.18442259 40.93 269.828117  41.862625   -100 -100.00 -100.00 -100.00
  78   175.770 55431.10006865 46.77 269.825195  41.860148 11.173 -100.00 -100.00 -100.00
  78   175.815 55431.10006924 41.23 269.826965  41.862433   -100 -100.00 -100.00 -100.00
  78   175.816 55431.10006983 46.91 269.828735  41.864718  7.277 -100.00 -100.00 -100.00
  79   174.960 55441.01571420 46.57 269.824844  41.864754 23.600 -100.00 -100.00 -100.00
  79   174.975 55441.01571479 39.48 269.826615  41.867039   -100 -100.00 -100.00 -100.00
  79   175.037 55441.01571538 30.30 269.828385  41.869324 18.286 -100.00 -100.00 -100.00
  79   175.004 55441.01571597 38.90 269.830155  41.871609   -100 -100.00 -100.00 -100.00
  80   174.192 55450.93135986 25.34 269.829306  41.874763 13.084 -100.00 -100.00 -100.00
  80   174.433 55450.93136045 24.14 269.831077  41.877048 11.500 -100.00 -100.00 -100.00
  80   174.322 55450.93136105 28.84 269.832848  41.879333 27.286 -100.00 -100.00 -100.00
  80   174.646 55450.93136164 28.77 269.834619  41.881617 25.722 -100.00 -100.00 -100.00
  80   174.581 55450.93136223 33.34 269.836390  41.883902   -100 -100.00 -100.00 -100.00
  80   174.708 55450.93136282 33.28 269.838162  41.886187   -100 -100.00 -100.00 -100.00
  81   174.412 55460.84700253 22.77 269.828722  41.874204  9.528 -100.00 -100.00 -100.00
  81   174.522 55460.84700312 21.73 269.830492  41.876489  7.579 -100.00 -100.00 -100.00
  81   174.439 55460.84700371 24.10 269.832263  41.878774 10.823 -100.00 -100.00 -100.00
  81   174.611 55460.84700430 26.76 269.834034  41.881059 17.534 -100.00 -100.00 -100.00
  81   174.524 55460.84700489 29.17 269.835805  41.883344 24.414 -100.00 -100.00 -100.00
  81   174.835 55460.84700548 31.84 269.837577  41.885629 31.362 -100.00 -100.00 -100.00
  81   174.844 55460.84700607 32.01 269.839348  41.887914 31.627 -100.00 -100.00 -100.00
  82   176.754 55470.76264214 36.57 269.824957  41.865255   -100 -100.00 -100.00 -100.00
  82   176.808 55470.76264274 31.57 269.826727  41.867540 28.603 -100.00 -100.00 -100.00
  82   176.820 55470.76264333 31.00 269.828497  41.869826 25.747 -100.00 -100.00 -100.00
  82   176.838 55470.76264392 28.40 269.830268  41.872111 15.850 -100.00 -100.00 -100.00
  83   177.108 55480.67827965 36.83 269.824561  41.859521 30.800 -100.00 -100.00 -100.00
  83   177.153 55480.67828024 33.95 269.826331  41.861806 18.211 -100.00 -100.00 -100.00
  83   177.097 55480.67828083 39.18 269.828102  41.864092   -100 -100.00 -100.00 -100.00
  84   175.757 55490.59391477 45.59 269.823865  41.855086 22.862 -100.00 -100.00 -100.00
  84   175.771 55490.59391536 47.59 269.825635  41.857371   -100 -100.00 -100.00 -100.00
  84   175.821 55490.59391595 39.54 269.827405  41.859657   -100 -100.00 -100.00 -100.00
  85   174.906 55500.50954843 39.04 269.824168  41.854457   -100 -100.00 -100.00 -100.00
  85   174.924 55500.50954902 41.07 269.825938  41.856742   -100 -100.00 -100.00 -100.00
  85   174.932 55500.50954961 39.57 269.827708  41.859028   -100 -100.00 -100.00 -100.00
  86   176.071 55510.42519184 49.62 269.825887  41.860457   -100 -100.00 -100.00 -100.00
  86   175.758 55510.42519243 52.51 269.827657  41.862743 15.109 -100.00 -100.00 -100.00
  87   175.188 55520.34084214 50.67 269.825164  41.864588 30.101 -100.00 -100.00 -100.00
  87   175.186 55520.34084273 50.68 269.826934  41.866874   -100 -100.00 -100.00 -100.00
  87   175.199 55520.34084332 53.64 269.828705  41.869159   -100 -100.00 -100.00 -100.00
  87   175.216 55520.34084391 54.66 269.830475  41.871444   -100 -100.00 -100.00 -100.00
  88   174.961 55530.25649177 29.64 269.827251  41.869364 21.067 -100.00 -100.00 -100.00
  88   174.840 55530.25649236 34.17 269.829021  41.871649   -100 -100.00 -100.00 -100.00
  88   174.791 55530.25649295 28.97 269.830792  41.873935 19.429 -100.00 -100.00 -100.00
  89   174.133 55540.17213858 30.21 269.826680  41.868972 18.743 -100.00 -100.00 -100.00
  89   174.148 55540.17213917 33.23 269.828451  41.871257 26.207 -100.00 -100.00 -100.00
  89   174.103 55540.17213976 35.30 269.830221  41.873542   -100 -100.00 -100.00 -100.00
  89   174.165 55540.17214035 34.27 269.831992  41.875827 27.761 -100.00 -100.00 -100.00
  90   174.583 55550.08778384 30.22 269.827393  41.870763 12.147 -100.00 -100.00 -100.00
  90   174.633 55550.08778443 36.87 269.829164  41.873048   -100 -100.00 -100.00 -100.00
  90   174.534 55550.08778502 36.91 269.830935  41.875334 28.582 -100.00 -100.00 -100.00
  90   174.735 55550.08778561 39.12 269.832706  41.877619   -100 -100.00 -100.00 -100.00
  91   174.702 55560.00342843 33.19 269.829305  41.876297 27.397 -100.00 -100.00 -100.00
  91   174.824 55560.00342902 30.35 269.831076  41.878583 15.310 -100.00 -100.00 -100.00
  91   174.660 55560.00342962 32.68 269.832847  41.880868 23.657 -100.00 -100.00 -100.00
  91   174.866 55560.00343021 31.66 269.834619  41.883153 18.994 -100.00 -100.00 -100.00
  91   175.039 55560.00343080 32.03 269.836390  41.885438 21.580 -100.00 -100.00 -100.00
  91   176.373 55560.00343139 33.69 269.838161  41.887723 22.033 -100.00 -100.00 -100.00
  91   176.470 55560.00343198 36.96 269.839933  41.890009   -100 -100.00 -100.00 -100.00
  91   176.702 55560.00343257 32.33 269.841705  41.892294 16.822 -100.00 -100.00 -100.00
  92   174.813 55569.91907179 34.15 269.830222  41.879584 22.879 -100.00 -100.00 -100.00
  92   174.696 55569.91907238 34.91 269.831993  41.881869 23.898 -100.00 -100.00 -100.00
  92   174.607 55569.91907297 39.06 269.833764  41.884155   -100 -100.00 -100.00 -100.00
  92   174.738 55569.91907356 36.73 269.835535  41.886440 30.396 -100.00 -100.00 -100.00
  92   175.783 55569.91907415 33.49 269.837307  41.888725 16.198 -100.00 -100.00 -100.00
  92   176.452 55569.91907474 32.37 269.839079  41.891010 11.809 -100.00 -100.00 -100.00
  92   176.617 55569.91907533 33.09 269.840850  41.893295 13.674 -100.00 -100.00 -100.00
  92   176.790 55569.91907592 32.75 269.842622  41.895581 11.633 -100.00 -100.00 -100.00
  93   174.530 55579.83471270 33.83 269.828607  41.876023 32.418 -100.00 -100.00 -100.00
  93   174.566 55579.83471329 36.53 269.830378  41.878309   -100 -100.00 -100.00 -100.00
  93   174.624 55579.83471388 36.68 269.832149  41.880594   -100 -100.00 -100.00 -100.00
  93   174.760 55579.83471447 34.49 269.833920  41.882879 31.880 -100.00 -100.00 -100.00
  93   174.796 55579.83471506 33.41 269.835691  41.885165 26.573 -100.00 -100.00 -100.00
  93   176.076 55579.83471565 35.34 269.837463  41.887450 32.210 -100.00 -100.00 -100.00
  93   176.313 55579.83471625 39.36 269.839234  41.889735   -100 -100.00 -100.00 -100.00
  93   176.586 55579.83471684 37.80 269.841006  41.892021   -100 -100.00 -100.00 -100.00
  93   176.871 55579.83471743 34.87 269.842778  41.894306 24.645 -100.00 -100.00 -100.00
  94   174.327 55589.75034974 33.53 269.825860  41.866817   -100 -100.00 -100.00 -100.00
  94   174.461 55589.75035033 25.23 269.827630  41.869103  9.639 -100.00 -100.00 -100.00
  94   174.532 55589.75035092 25.71 269.829401  41.871388  9.748 -100.00 -100.00 -100.00
  94   174.386 55589.75035151 32.82 269.831172  41.873674 26.796 -100.00 -100.00 -100.00
  95   174.377 55599.66598404 29.00 269.825585  41.858725 23.446 -100.00 -100.00 -100.00
  95   174.250 55599.66598463 23.37 269.827356  41.861011 12.318 -100.00 -100.00 -100.00
  96   174.184 55609.58161529 39.29 269.822014  41.849313   -100 -100.00 -100.00 -100.00
  96   174.438 55609.58161588 35.76 269.823784  41.851599 27.246 -100.00 -100.00 -100.00
  96   174.352 55609.58161647 38.76 269.825554  41.853885   -100 -100.00 -100.00 -100.00
  96   174.165 55609.58161706 37.34 269.827324  41.856171   -100 -100.00 -100.00 -100.00
  97   174.974 55619.49724652 52.66 269.821406  41.847622 31.493 -100.00 -100.00 -100.00
  97   174.972 55619.49724711 54.67 269.823176  41.849908   -100 -100.00 -100.00 -100.00
  97   174.988 55619.49724770 55.62 269.824946  41.852194   -100 -100.00 -100.00 -100.00
  97   174.995 55619.49724829 55.62 269.826716  41.854480   -100 -100.00 -100.00 -100.00
  98   175.232 55629.41289838 41.17 269.824985  41.859461   -100 -100.00 -100.00 -100.00
  98   175.040 55629.41289897 38.11 269.826756  41.861747   -100 -100.00 -100.00 -100.00
  98   175.539 55629.41289956 35.22 269.828526  41.864032 25.973 -100.00 -100.00 -100.00
  99   174.686 55639.32854970 52.73 269.824915  41.862964   -100 -100.00 -100.00 -100.00
  99   174.692 55639.32855029 51.71 269.826685  41.865250 26.950 -100.00 -100.00 -100.00
  99   174.693 55639.32855088 54.71 269.828455  41.867536   -100 -100.00 -100.00 -100.00
 100   176.706 55649.24419785 52.05 269.824954  41.861834   -100 -100.00 -100.00 -100.00
 100   176.720 55649.24419844 52.49 269.826724  41.864120   -100 -100.00 -100.00 -100.00
 100   176.762 55649.24419903 53.74 269.828495  41.866405   -100 -100.00 -100.00 -100.00
 101   177.173 55659.15984253 45.18 269.824757  41.859141 24.466 -100.00 -100.00 -100.00
 101   177.206 55659.15984312 43.36 269.826528  41.861426 18.644 -100.00 -100.00 -100.00
 101   177.245 55659.15984371 43.79 269.828298  41.863711 13.281 -100.00 -100.00 -100.00
 102   178.165 55669.07548451 47.88 269.826106  41.860652 12.542 -100.00 -100.00 -100.00
 102   178.190 55669.07548510 52.30 269.827876  41.862937   -100 -100.00 -100.00 -100.00
 103   177.748 55678.99112392 48.93 269.824659  41.860888   -100 -100.00 -100.00 -100.00
 103   177.776 55678.99112451 47.85 269.826429  41.863174   -100 -100.00 -100.00 -100.00
 103   177.805 55678.99112510 48.52 269.828200  41.865459   -100 -100.00 -100.00 -100.00
 104   176.881 55688.90676195 35.62 269.824801  41.862577   -100 -100.00 -100.00 -100.00
 104   176.980 55688.90676254 33.66 269.826571  41.864862   -100 -100.00 -100.00 -100.00
 104   177.003 55688.90676313 30.43 269.828341  41.867148 26.326 -100.00 -100.00 -100.00
 105   176.253 55698.82239817 38.68 269.825099  41.862053  8.076 -100.00 -100.00 -100.00
 105   176.326 55698.82239876 40.59 269.826869  41.864338 22.475 -100.00 -100.00 -100.00
 105   176.355 55698.82239935 39.77 269.828640  41.866624 14.280 -100.00 -100.00 -100.00
 106   175.748 55708.73803513 37.01 269.825678  41.859580   -100 -100.00 -100.00 -100.00
 106   175.806 55708.73803572 34.38 269.827447  41.861865 26.279 -100.00 -100.00 -100.00
 107   175.968 55718.65368645 35.79 269.825936  41.861951  0.974 -100.00 -100.00 -100.00
 107   176.001 55718.65368704 36.18 269.827707  41.864237   -100 -100.00 -100.00 -100.00
 108   175.976 55728.56933482 34.81 269.824552  41.863292 27.115 -100.00 -100.00 -100.00
 108   175.683 55728.56933541 36.68 269.826322  41.865578   -100 -100.00 -100.00 -100.00
 108   176.564 55728.56933600 29.32 269.828092  41.867863 11.712 -100.00 -100.00 -100.00
 108   175.732 55728.56933659 39.40 269.829863  41.870149   -100 -100.00 -100.00 -100.00
 109   175.526 55738.48498285 45.86 269.827079  41.869625   -100 -100.00 -100.00 -100.00
 109   175.557 55738.48498344 43.71 269.828849  41.871911 26.799 -100.00 -100.00 -100.00
 109   175.597 55738.48498403 40.65 269.830620  41.874196  3.750 -100.00 -100.00 -100.00
 109   175.640 55738.48498462 37.30 269.832391  41.876481   -100 -100.00 -100.00 -100.00
 110   176.182 55748.40062933 50.77 269.829377  41.874805 19.980 -100.00 -100.00 -100.00
 110   176.152 55748.40062992 54.67 269.831148  41.877090   -100 -100.00 -100.00 -100.00
 110   176.177 55748.40063051 52.81 269.832918  41.879376   -100 -100.00 -100.00 -100.00
 110   176.205 55748.40063110 46.57 269.834689  41.881661 20.906 -100.00 -100.00 -100.00
 110   176.233 55748.40063169 44.15 269.836461  41.883946  8.064 -100.00 -100.00 -100.00
 110   176.254 55748.40063228 41.65 269.838232  41.886231   -100 -100.00 -100.00 -100.00
 111   175.497 55758.31627159 32.48 269.827792  41.871865   -100 -100.00 -100.00 -100.00
 111   175.440 55758.31627218 23.57 269.829562  41.874150  9.714 -100.00 -100.00 -100.00
 111   175.094 55758.31627277 26.01 269.831333  41.876436 15.637 -100.00 -100.00 -100.00
 111   175.238 55758.31627336 26.34 269.833104  41.878721 15.116 -100.00 -100.00 -100.00
 112   175.784 55768.23191022 49.74 269.825341  41.864471 11.610 -100.00 -100.00 -100.00
 112   175.757 55768.23191081 49.80 269.827111  41.866756 18.852 -100.00 -100.00 -100.00
 112   175.734 55768.23191140 52.81 269.828881  41.869042   -100 -100.00 -100.00 -100.00
 113   175.727 55778.14754630 50.00 269.825098  41.858673   -100 -100.00 -100.00 -100.00
 113   175.747 55778.14754689 51.83 269.826868  41.860958   -100 -100.00 -100.00 -100.00
 113   175.782 55778.14754748 51.79 269.828638  41.863243 28.748 -100.00 -100.00 -100.00
 114   175.553 55788.06317921 35.41 269.821760  41.850281 27.049 -100.00 -100.00 -100.00
 114   175.482 55788.06317980 40.50 269.823530  41.852566   -100 -100.00 -100.00 -100.00
 114   175.469 55788.06318039 40.59 269.825300  41.854851   -100 -100.00 -100.00 -100.00
 114   175.495 55788.06318098 41.52 269.827069  41.857136   -100 -100.00 -100.00 -100.00
 115   177.809 55797.97881263 26.88 269.821983  41.849236 15.837 -100.00 -100.00 -100.00
 115   174.589 55797.97881322 33.29 269.823752  41.851521   -100 -100.00 -100.00 -100.00
 115   174.889 55797.97881382 30.91 269.825521  41.853807 26.515 -100.00 -100.00 -100.00
 115   174.774 55797.97881441 34.47 269.827291  41.856092   -100 -100.00 -100.00 -100.00
 116   174.485 55807.89445873 44.43 269.825190  41.856982 15.114 -100.00 -100.00 -100.00
 116   174.574 55807.89445932 41.47 269.826960  41.859268   -100 -100.00 -100.00 -100.00
 117   174.084 55817.81010849 34.46 269.824704  41.859583   -100 -100.00 -100.00 -100.00
 117   174.303 55817.81010908 25.75 269.826473  41.861868 13.051 -100.00 -100.00 -100.00
 117   174.296 55817.81010967 24.53 269.828243  41.864153 10.033 -100.00 -100.00 -100.00
 118   173.916 55827.72575386 36.72 269.825173  41.858575   -100 -100.00 -100.00 -100.00
 118   173.972 55827.72575445 31.62 269.826943  41.860860 28.060 -100.00 -100.00 -100.00
 118   173.909 55827.72575504 37.04 269.828713  41.863146   -100 -100.00 -100.00 -100.00
 119   174.357 55837.64139283 44.16 269.820571  41.849534   -100 -100.00 -100.00 -100.00
 119   173.974 55837.64139401 51.41 269.824110  41.854105   -100 -100.00 -100.00 -100.00
 119   173.991 55837.64139460 41.56 269.825880  41.856391  1.059 -100.00 -100.00 -100.00
 119   173.999 55837.64139519 39.46 269.827650  41.858676   -100 -100.00 -100.00 -100.00
 120   174.152 55847.55703065 51.41 269.821452  41.848914   -100 -100.00 -100.00 -100.00
 120   174.121 55847.55703124 49.47 269.823222  41.851200   -100 -100.00 -100.00 -100.00
 120   174.041 55847.55703183 49.21 269.824992  41.853485  8.937 -100.00 -100.00 -100.00
 120   174.036 55847.55703242 46.66 269.826762  41.855771   -100 -100.00 -100.00 -100.00
 121   174.161 55857.47266605 51.40 269.821432  41.849074   -100 -100.00 -100.00 -100.00
 121   174.147 55857.47266664 54.63 269.823202  41.851359 14.424 -100.00 -100.00 -100.00
 121   174.170 55857.47266723 55.84 269.824971  41.853645 12.231 -100.00 -100.00 -100.00
 121   174.203 55857.47266782 54.80 269.826741  41.855930  3.512 -100.00 -100.00 -100.00
 122   173.917 55867.38831308 36.35 269.824820  41.858191  4.299 -100.00 -100.00 -100.00
 122   174.091 55867.38831367 26.84 269.826590  41.860476 21.536 -100.00 -100.00 -100.00
 122   173.877 55867.38831426 25.62 269.828360  41.862762 17.558 -100.00 -100.00 -100.00
 123   174.536 55877.30396610 48.62 269.825343  41.864148   -100 -100.00 -100.00 -100.00
 123   174.120 55877.30396669 48.67 269.827113  41.866434  8.017 -100.00 -100.00 -100.00
 123   174.131 55877.30396728 53.25 269.828883  41.868719   -100 -100.00 -100.00 -100.00
 133   174.670 55976.46039692 42.41 269.825004  41.861641 25.008 -100.00 -100.00 -100.00
 133   174.196 55976.46039751 46.48 269.826775  41.863926   -100 -100.00 -100.00 -100.00
 133   173.841 55976.46039810 50.97 269.828545  41.866212 31.728 -100.00 -100.00 -100.00
 134   174.075 55986.37603265 33.36 269.825211  41.860402 23.273 -100.00 -100.00 -100.00
 134   178.571 55986.37603324 30.84 269.826981  41.862688 16.229 -100.00 -100.00 -100.00
 134   174.066 55986.37603384 36.98 269.828752  41.864973   -100 -100.00 -100.00 -100.00
 135   174.049 55996.29166794 34.52 269.823683  41.854762   -100 -100.00 -100.00 -100.00
 135   173.939 55996.29166853 35.99 269.825453  41.857048   -100 -100.00 -100.00 -100.00
 135   173.878 55996.29166912 33.23 269.827223  41.859334   -100 -100.00 -100.00 -100.00
 136   174.999 56006.20732021 32.90 269.825663  41.858704   -100 -100.00 -100.00 -100.00
 136   174.886 56006.20732080 35.04 269.827433  41.860989  0.226 -100.00 -100.00 -100.00
 137   174.677 56016.12296753 35.34 269.824943  41.858735   -100 -100.00 -100.00 -100.00
 137   174.629 56016.12296812 37.47 269.826713  41.861021  8.678 -100.00 -100.00 -100.00
 137   174.696 56016.12296871 39.64 269.828483  41.863306  5.829 -100.00 -100.00 -100.00
 139   176.575 56035.95425660 22.75 269.825506  41.866185  9.906 -100.00 -100.00 -100.00
 139   176.415 56035.95425719 23.50 269.827277  41.868471  9.361 -100.00 -100.00 -100.00
 139   174.278 56035.95425778 26.04 269.829047  41.870756 15.045 -100.00 -100.00 -100.00
 139   174.015 56035.95425837 28.54 269.830818  41.873041 24.450 -100.00 -100.00 -100.00
 141   174.979 56055.78553564 34.63 269.824980  41.864664   -100 -100.00 -100.00 -100.00
 141   175.089 56055.78553623 28.59 269.826751  41.866949 24.000 -100.00 -100.00 -100.00
 141   175.525 56055.78553682 24.36 269.828521  41.869235 10.983 -100.00 -100.00 -100.00
 141   175.125 56055.78553741 24.19 269.830291  41.871520 10.498 -100.00 -100.00 -100.00
 142   175.641 56065.70116907 36.36 269.825413  41.860515 12.754 -100.00 -100.00 -100.00
 142   175.645 56065.70116966 36.13 269.827183  41.862801 13.976 -100.00 -100.00 -100.00
 143   174.399 56075.61681568 32.13 269.826106  41.862654   -100 -100.00 -100.00 -100.00
 143   174.559 56075.61681627 24.75 269.827877  41.864940 18.512 -100.00 -100.00 -100.00
 144   175.543 56085.53246575 47.00 269.826203  41.867161 17.667 -100.00 -100.00 -100.00
 144   175.563 56085.53246634 43.51 269.827973  41.869446  0.284 -100.00 -100.00 -100.00
 144   175.579 56085.53246693 44.72 269.829744  41.871732  8.248 -100.00 -100.00 -100.00
 144   175.618 56085.53246752 34.99 269.831515  41.874017 26.771 -100.00 -100.00 -100.00
 145   175.402 56095.44811315 45.03 269.827212  41.870417   -100 -100.00 -100.00 -100.00
 145   175.338 56095.44811374 36.81 269.828982  41.872702   -100 -100.00 -100.00 -100.00
 145   175.293 56095.44811433 30.23 269.830753  41.874987 27.307 -100.00 -100.00 -100.00
 145   175.204 56095.44811492 26.81 269.832524  41.877272 13.808 -100.00 -100.00 -100.00
 146   175.340 56105.36375718 35.11 269.826245  41.868317   -100 -100.00 -100.00 -100.00
 146   175.383 56105.36375777 29.55 269.828015  41.870603 25.143 -100.00 -100.00 -100.00
 146   175.335 56105.36375836 31.86 269.829786  41.872888   -100 -100.00 -100.00 -100.00
 146   175.312 56105.36375895 31.63 269.831557  41.875173 32.495 -100.00 -100.00 -100.00
 147   175.400 56115.27938648 46.32 269.825867  41.864734 15.220 -100.00 -100.00 -100.00
 147   175.391 56115.27938707 48.06 269.827637  41.867019   -100 -100.00 -100.00 -100.00
 147   175.413 56115.27938766 48.07 269.829407  41.869304   -100 -100.00 -100.00 -100.00
 148   174.370 56125.19502354 48.61 269.825713  41.860474   -100 -100.00 -100.00 -100.00
 148   174.304 56125.19502413 37.56 269.827483  41.862759  4.618 -100.00 -100.00 -100.00
 149   174.248 56135.11065481 41.71 269.820050  41.848853   -100 -100.00 -100.00 -100.00
 149   174.436 56135.11065599 45.98 269.823588  41.853424   -100 -100.00 -100.00 -100.00
 149   174.075 56135.11065658 47.88 269.825358  41.855709  2.520 -100.00 -100.00 -100.00
 149   174.092 56135.11065717 46.86 269.827127  41.857994  5.305 -100.00 -100.00 -100.00
 150   174.175 56145.02629776 34.38 269.824350  41.854962   -100 -100.00 -100.00 -100.00
 150   173.836 56145.02629836 38.58 269.826119  41.857247  6.245 -100.00 -100.00 -100.00
 150   174.075 56145.02629895 33.39 269.827889  41.859532   -100 -100.00 -100.00 -100.00
 151   173.848 56154.94194894 30.60 269.824867  41.859906   -100 -100.00 -100.00 -100.00
 151   176.335 56154.94194953 24.03 269.826637  41.862191 13.271 -100.00 -100.00 -100.00
 151   176.485 56154.94195012 28.71 269.828407  41.864476 24.304 -100.00 -100.00 -100.00
 152   176.408 56164.85759888 21.49 269.825382  41.863525  9.024 -100.00 -100.00 -100.00
 152   179.503 56164.85759948 20.01 269.827152  41.865811  6.825 -100.00 -100.00 -100.00
 152   176.338 56164.85760007 22.98 269.828922  41.868096 12.023 -100.00 -100.00 -100.00
 153   173.800 56174.77324625 28.72 269.826069  41.864833 11.781 -100.00 -100.00 -100.00
 153   173.615 56174.77324684 32.69 269.827839  41.867119 17.850 -100.00 -100.00 -100.00
 153   173.955 56174.77324743 36.66 269.829610  41.869404 21.117 -100.00 -100.00 -100.00
 154   173.852 56184.68888741 27.00 269.824968  41.861347 22.805 -100.00 -100.00 -100.00
 154   176.429 56184.68888800 24.43 269.826738  41.863633 12.698 -100.00 -100.00 -100.00
 154   176.530 56184.68888859 26.28 269.828508  41.865918 16.822 -100.00 -100.00 -100.00
 155   173.638 56194.60452493 34.43 269.824545  41.858810  5.279 -100.00 -100.00 -100.00
 155   173.758 56194.60452552 26.74 269.826315  41.861095 24.902 -100.00 -100.00 -100.00
 155   176.638 56194.60452611 26.43 269.828085  41.863380 19.607 -100.00 -100.00 -100.00
 156   173.726 56204.52016010 37.31 269.825362  41.859293 12.686 -100.00 -100.00 -100.00
 156   173.728 56204.52016069 34.99 269.827132  41.861578 10.772 -100.00 -100.00 -100.00
 157   173.908 56214.43579335 51.91 269.825645  41.858901 10.186 -100.00 -100.00 -100.00
 157   173.979 56214.43579394 54.98 269.827415  41.861186 22.813 -100.00 -100.00 -100.00
 158   173.803 56224.35142847 51.20 269.824406  41.855926   -100 -100.00 -100.00 -100.00
 158   173.734 56224.35142906 50.78 269.826176  41.858211   -100 -100.00 -100.00 -100.00
 158   173.706 56224.35142965 50.81 269.827945  41.860497 31.364 -100.00 -100.00 -100.00
 159   174.016 56234.26708532 48.72 269.825749  41.861634   -100 -100.00 -100.00 -100.00
 159   174.159 56234.26708591 47.61 269.827519  41.863919   -100 -100.00 -100.00 -100.00
 160   174.285 56244.18273757 45.71 269.825940  41.864216   -100 -100.00 -100.00 -100.00
 160   173.826 56244.18273816 47.17 269.827710  41.866502 16.415 -100.00 -100.00 -100.00
 160   173.827 56244.18273875 39.85 269.829480  41.868787   -100 -100.00 -100.00 -100.00
 161   173.991 56254.09838451 31.26 269.824669  41.864675   -100 -100.00 -100.00 -100.00
 161   174.102 56254.09838510 28.40 269.826439  41.866960 23.082 -100.00 -100.00 -100.00
 161   173.651 56254.09838569 31.55 269.828209  41.869245   -100 -100.00 -100.00 -100.00
 161   174.059 56254.09838628 29.54 269.829979  41.871530 26.544 -100.00 -100.00 -100.00
 162   174.214 56264.01402862 46.86 269.827405  41.869910 32.727 -100.00 -100.00 -100.00
 162   173.861 56264.01402921 50.95 269.829176  41.872196  5.670 -100.00 -100.00 -100.00
 162   173.706 56264.01402980 55.10 269.830946  41.874481   -100 -100.00 -100.00 -100.00
 162   173.702 56264.01403039 56.10 269.832717  41.876766   -100 -100.00 -100.00 -100.00
 164   174.059 56283.84531369 40.44 269.826314  41.867929   -100 -100.00 -100.00 -100.00
 164   173.818 56283.84531428 38.66 269.828084  41.870214   -100 -100.00 -100.00 -100.00
 164   173.858 56283.84531487 38.78 269.829855  41.872500   -100 -100.00 -100.00 -100.00
 164   173.865 56283.84531546 41.95 269.831625  41.874785  4.333 -100.00 -100.00 -100.00
 165   173.922 56293.76096484 40.37 269.824993  41.865778   -100 -100.00 -100.00 -100.00
 165   174.096 56293.76096543 41.78 269.826764  41.868064   -100 -100.00 -100.00 -100.00
 165   174.038 56293.76096602 45.89 269.828534  41.870349   -100 -100.00 -100.00 -100.00
 165   173.689 56293.76096661 45.70 269.830305  41.872635 12.547 -100.00 -100.00 -100.00
 166   173.908 56303.67661217 41.87 269.825662  41.865821   -100 -100.00 -100.00 -100.00
 166   173.860 56303.67661276 40.23 269.827432  41.868107   -100 -100.00 -100.00 -100.00
 166   173.826 56303.67661335 40.04 269.829203  41.870392   -100 -100.00 -100.00 -100.00
 166   173.841 56303.67661395 43.84 269.830974  41.872678   -100 -100.00 -100.00 -100.00
 167   174.132 56313.59225533 44.52 269.825410  41.866172   -100 -100.00 -100.00 -100.00
 167   173.770 56313.59225592 46.12 269.827181  41.868458 11.871 -100.00 -100.00 -100.00
 167   173.783 56313.59225651 44.31 269.828952  41.870743 10.509 -100.00 -100.00 -100.00
 167   173.788 56313.59225710 44.58 269.830723  41.873029 12.843 -100.00 -100.00 -100.00
 168   174.341 56323.50789724 45.78 269.827847  41.870910   -100 -100.00 -100.00 -100.00
 168   173.895 56323.50789783 50.24 269.829618  41.873195   -100 -100.00 -100.00 -100.00
 168   173.901 56323.50789842 47.37 269.831389  41.875481 30.464 -100.00 -100.00 -100.00
 168   173.913 56323.50789901 48.23 269.833160  41.877766 30.228 -100.00 -100.00 -100.00
 169   173.874 56333.42353733 44.00 269.828031  41.871348  7.092 -100.00 -100.00 -100.00
 169   173.913 56333.42353792 47.19 269.829802  41.873633 23.254 -100.00 -100.00 -100.00
 169   173.986 56333.42353851 48.04 269.831573  41.875918 11.946 -100.00 -100.00 -100.00
 169   174.037 56333.42353910 42.59 269.833344  41.878204   -100 -100.00 -100.00 -100.00
 170   174.721 56343.33917538 43.63 269.825780  41.865385 23.938 -100.00 -100.00 -100.00
 170   174.145 56343.33917598 48.78 269.827550  41.867671   -100 -100.00 -100.00 -100.00
 170   173.862 56343.33917657 52.23 269.829321  41.869956   -100 -100.00 -100.00 -100.00
 171   174.225 56353.25481122 44.55 269.825120  41.859063   -100 -100.00 -100.00 -100.00
 171   173.785 56353.25481181 50.21 269.826890  41.861349 24.200 -100.00 -100.00 -100.00
 171   173.736 56353.25481240 53.57 269.828661  41.863634   -100 -100.00 -100.00 -100.00
 172   175.153 56363.17045305 39.28 269.825123  41.857110   -100 -100.00 -100.00 -100.00
 172   175.107 56363.17045364 38.94 269.826893  41.859396   -100 -100.00 -100.00 -100.00
 172   175.234 56363.17045423 37.71 269.828663  41.861681   -100 -100.00 -100.00 -100.00
 173   174.628 56373.08610301 43.73 269.825812  41.862304   -100 -100.00 -100.00 -100.00
 173   174.464 56373.08610360 48.70 269.827583  41.864589   -100 -100.00 -100.00 -100.00
 175   180.223 56392.91739664 27.15 269.828831  41.876360  9.839 -100.00 -100.00 -100.00
 175   175.763 56392.91739723 29.23 269.830602  41.878646 15.200 -100.00 -100.00 -100.00
 175   175.938 56392.91739782 30.66 269.832373  41.880931 19.498 -100.00 -100.00 -100.00
 175   175.730 56392.91739841 35.99 269.834144  41.883216   -100 -100.00 -100.00 -100.00
 175   175.721 56392.91739900 35.98 269.835916  41.885502   -100 -100.00 -100.00 -100.00
 175   175.641 56392.91739959 38.92 269.837687  41.887787  0.389 -100.00 -100.00 -100.00
 175   175.697 56392.91740018 37.37 269.839459  41.890072   -100 -100.00 -100.00 -100.00
 175   175.866 56392.91740078 36.16 269.841231  41.892357   -100 -100.00 -100.00 -100.00
 175   175.626 56392.91740137 36.11 269.843003  41.894642   -100 -100.00 -100.00 -100.00
 176   177.752 56402.83303915 43.20 269.828582  41.875384   -100 -100.00 -100.00 -100.00
 176   177.512 56402.83303974 43.54 269.830353  41.877670   -100 -100.00 -100.00 -100.00
 176   177.638 56402.83304033 46.23 269.832124  41.879955   -100 -100.00 -100.00 -100.00
 176   177.753 56402.83304092 45.89 269.833895  41.882240   -100 -100.00 -100.00 -100.00
 176   177.850 56402.83304151 48.15 269.835667  41.884526   -100 -100.00 -100.00 -100.00
 176   177.544 56402.83304210 49.11 269.837438  41.886811  4.090 -100.00 -100.00 -100.00
 176   177.549 56402.83304269 48.92 269.839210  41.889096 15.659 -100.00 -100.00 -100.00
 176   177.567 56402.83304328 47.44 269.840982  41.891381  2.905 -100.00 -100.00 -100.00
 176   177.591 56402.83304387 44.58 269.842753  41.893667   -100 -100.00 -100.00 -100.00
 177   176.498 56412.74867803 26.91 269.827653  41.870594 16.308 -100.00 -100.00 -100.00
 177   176.502 56412.74867862 25.78 269.829424  41.872880 11.311 -100.00 -100.00 -100.00
 177   176.287 56412.74867921 25.91 269.831194  41.875165 13.012 -100.00 -100.00 -100.00
 177   176.255 56412.74867980 26.47 269.832965  41.877451 13.679 -100.00 -100.00 -100.00
 178   176.580 56422.66431095 32.95 269.825358  41.861649 31.608 -100.00 -100.00 -100.00
 178   176.731 56422.66431155 31.28 269.827128  41.863935 23.737 -100.00 -100.00 -100.00
 178   176.938 56422.66431214 30.37 269.828898  41.866220 19.027 -100.00 -100.00 -100.00
 179   176.263 56432.57995304 34.65 269.825192  41.861386   -100 -100.00 -100.00 -100.00
 179   176.533 56432.57995363 31.63 269.826962  41.863672 24.423 -100.00 -100.00 -100.00
 179   176.717 56432.57995422 32.93 269.828733  41.865957   -100 -100.00 -100.00 -100.00
 180   176.349 56442.49560746 29.15 269.827677  41.871242 24.782 -100.00 -100.00 -100.00
 180   176.415 56442.49560805 27.23 269.829447  41.873527 15.252 -100.00 -100.00 -100.00
 180   175.127 56442.49560864 31.85 269.831218  41.875812   -100 -100.00 -100.00 -100.00
 180   176.329 56442.49560923 26.48 269.832989  41.878098 14.198 -100.00 -100.00 -100.00
 181   177.125 56452.41125867 42.64 269.829799  41.878235   -100 -100.00 -100.00 -100.00
 181   177.178 56452.41125926 47.26 269.831570  41.880520   -100 -100.00 -100.00 -100.00
 181   176.900 56452.41125985 50.23 269.833341  41.882806 19.435 -100.00 -100.00 -100.00
 181   176.900 56452.41126045 51.34 269.835112  41.885091   -100 -100.00 -100.00 -100.00
 181   176.926 56452.41126104 48.36 269.836884  41.887376   -100 -100.00 -100.00 -100.00
 181   176.959 56452.41126163 47.41 269.838655  41.889661   -100 -100.00 -100.00 -100.00
 181   177.003 56452.41126222 43.38 269.840427  41.891946 16.033 -100.00 -100.00 -100.00
 181   177.040 56452.41126281 40.22 269.842199  41.894231   -100 -100.00 -100.00 -100.00
 181   177.053 56452.41126340 41.45 269.843971  41.896516  2.691 -100.00 -100.00 -100.00
 182   176.603 56462.32690521 47.01 269.828410  41.875634   -100 -100.00 -100.00 -100.00
 182   176.548 56462.32690580 47.82 269.830181  41.877919   -100 -100.00 -100.00 -100.00
 182   176.178 56462.32690639 50.56 269.831952  41.880204   -100 -100.00 -100.00 -100.00
 182   176.195 56462.32690698 50.05 269.833723  41.882489   -100 -100.00 -100.00 -100.00
 182   176.212 56462.32690757 47.53 269.835494  41.884774   -100 -100.00 -100.00 -100.00
 182   176.244 56462.32690816 43.35 269.837265  41.887059  7.607 -100.00 -100.00 -100.00
 182   176.255 56462.32690875 43.52 269.839037  41.889344 13.122 -100.00 -100.00 -100.00
 182   176.276 56462.32690934 39.17 269.840809  41.891629   -100 -100.00 -100.00 -100.00
 182   176.290 56462.32690993 38.45 269.842580  41.893914   -100 -100.00 -100.00 -100.00
 183   177.546 56472.24254835 50.20 269.828318  41.871852  9.546 -100.00 -100.00 -100.00
 183   177.653 56472.24254895 52.08 269.830089  41.874137  8.744 -100.00 -100.00 -100.00
 183   177.775 56472.24254954 50.91 269.831859  41.876422   -100 -100.00 -100.00 -100.00
 183   177.475 56472.24255013 54.65 269.833630  41.878707 27.884 -100.00 -100.00 -100.00
 184   176.507 56482.15818694 36.25 269.825215  41.863463   -100 -100.00 -100.00 -100.00
 184   176.489 56482.15818753 36.77 269.826985  41.865748   -100 -100.00 -100.00 -100.00
 184   176.520 56482.15818812 30.17 269.828755  41.868033 22.428 -100.00 -100.00 -100.00
 185   175.536 56492.07382375 32.47 269.825978  41.862505 32.434 -100.00 -100.00 -100.00
 185   175.634 56492.07382434 33.64 269.827748  41.864790   -100 -100.00 -100.00 -100.00
 187   174.347 56511.90509031 32.14 269.824345  41.856311 32.291 -100.00 -100.00 -100.00
 187   173.965 56511.90509090 34.41 269.826115  41.858597   -100 -100.00 -100.00 -100.00
 187   174.282 56511.90509149 26.33 269.827884  41.860882 15.884 -100.00 -100.00 -100.00
 188   173.969 56521.82073704 32.98 269.824252  41.856283 29.095 -100.00 -100.00 -100.00
 188   173.942 56521.82073763 35.84 269.826021  41.858569   -100 -100.00 -100.00 -100.00
 188   173.998 56521.82073822 33.09 269.827791  41.860854 27.614 -100.00 -100.00 -100.00
 189   173.776 56531.73639060 31.59 269.824770  41.858552   -100 -100.00 -100.00 -100.00
 189   173.945 56531.73639119 27.85 269.826540  41.860837 28.845 -100.00 -100.00 -100.00
 189   174.049 56531.73639178 25.50 269.828310  41.863122 19.985 -100.00 -100.00 -100.00
 191   176.195 56551.56768606 23.87 269.826013  41.864025 14.924 -100.00 -100.00 -100.00
 191   177.892 56551.56768665 22.50 269.827783  41.866310 12.881 -100.00 -100.00 -100.00
 191   176.380 56551.56768724 24.31 269.829554  41.868595 15.114 -100.00 -100.00 -100.00
 192   173.687 56561.48332988 30.92 269.826966  41.869708 22.153 -100.00 -100.00 -100.00
 192   174.103 56561.48333047 34.84 269.828736  41.871993 28.321 -100.00 -100.00 -100.00
 192   173.656 56561.48333106 34.94 269.830507  41.874278   -100 -100.00 -100.00 -100.00
 192   173.748 56561.48333165 38.63 269.832278  41.876564   -100 -100.00 -100.00 -100.00
 193   174.089 56571.39897219 36.16 269.828064  41.873959   -100 -100.00 -100.00 -100.00
 193   174.046 56571.39897278 34.44 269.829835  41.876245   -100 -100.00 -100.00 -100.00
 193   173.986 56571.39897337 35.97 269.831606  41.878530   -100 -100.00 -100.00 -100.00
 193   173.975 56571.39897396 38.03 269.833377  41.880815   -100 -100.00 -100.00 -100.00
 193   174.301 56571.39897455 37.62 269.835148  41.883100   -100 -100.00 -100.00 -100.00
 193   173.911 56571.39897514 40.00 269.836919  41.885385  6.543 -100.00 -100.00 -100.00
 193   173.829 56571.39897573 39.46 269.838690  41.887670 13.668 -100.00 -100.00 -100.00
 193   174.128 56571.39897632 38.85 269.840462  41.889955   -100 -100.00 -100.00 -100.00
 193   174.239 56571.39897691 37.90 269.842233  41.892240   -100 -100.00 -100.00 -100.00
 194   173.962 56581.31461206 30.28 269.829079  41.873948 32.641 -100.00 -100.00 -100.00
 194   174.028 56581.31461265 23.36 269.830849  41.876234 10.650 -100.00 -100.00 -100.00
 194   173.970 56581.31461324 23.84 269.832620  41.878519 11.680 -100.00 -100.00 -100.00
 194   173.902 56581.31461383 26.68 269.834391  41.880804 16.492 -100.00 -100.00 -100.00
 195   174.055 56591.23024480 32.52 269.824579  41.860986   -100 -100.00 -100.00 -100.00
 195   174.312 56591.23024539 26.40 269.826349  41.863271 24.652 -100.00 -100.00 -100.00
 195   174.195 56591.23024598 22.98 269.828119  41.865556 15.335 -100.00 -100.00 -100.00
 196   174.001 56601.14589339 51.19 269.825648  41.861424  2.520 -100.00 -100.00 -100.00
 196   173.934 56601.14589398 52.24 269.827417  41.863709 10.982 -100.00 -100.00 -100.00
 197   174.290 56611.06154408 37.80 269.825931  41.865109   -100 -100.00 -100.00 -100.00
 197   174.304 56611.06154467 35.45 269.827701  41.867395   -100 -100.00 -100.00 -100.00
 197   174.292 56611.06154527 39.93 269.829471  41.869680  0.472 -100.00 -100.00 -100.00
 198   173.841 56620.97719076 26.90 269.827179  41.870561 15.258 -100.00 -100.00 -100.00
 198   173.943 56620.97719135 30.10 269.828950  41.872847 27.667 -100.00 -100.00 -100.00
 198   173.902 56620.97719194 26.59 269.830720  41.875132 13.201 -100.00 -100.00 -100.00
 198   173.924 56620.97719253 28.43 269.832491  41.877417 19.885 -100.00 -100.00 -100.00
 199   174.389 56630.89283444 44.75 269.829396  41.875255   -100 -100.00 -100.00 -100.00
 199   173.987 56630.89283503 50.45 269.831166  41.877540   -100 -100.00 -100.00 -100.00
 199   173.987 56630.89283562 51.42 269.832937  41.879825   -100 -100.00 -100.00 -100.00
 199   173.980 56630.89283621 52.40 269.834708  41.882110   -100 -100.00 -100.00 -100.00
 199   173.969 56630.89283680 48.85 269.836480  41.884396   -100 -100.00 -100.00 -100.00
 199   173.971 56630.89283739 48.48 269.838251  41.886681   -100 -100.00 -100.00 -100.00
 199   173.981 56630.89283798 45.92 269.840023  41.888966 15.898 -100.00 -100.00 -100.00
 200   173.821 56640.80847146 34.02 269.825999  41.867110   -100 -100.00 -100.00 -100.00
 200   173.929 56640.80847205 31.41 269.827769  41.869396 23.201 -100.00 -100.00 -100.00
 200   173.966 56640.80847264 34.04 269.829539  41.871681 27.111 -100.00 -100.00 -100.00
 200   173.952 56640.80847324 35.61 269.831310  41.873967   -100 -100.00 -100.00 -100.00
 201   174.174 56650.72411805 21.08 269.824790  41.862153 22.185 -100.00 -100.00 -100.00
 201   174.892 56650.72411864 22.82 269.826560  41.864438 11.547 -100.00 -100.00 -100.00
 201   174.192 56650.72411923 28.28 269.828331  41.866724 27.038 -100.00 -100.00 -100.00
 202   173.948 56660.63976890 21.06 269.825236  41.862487  8.301 -100.00 -100.00 -100.00
 202   173.941 56660.63976949 21.10 269.827006  41.864772  8.216 -100.00 -100.00 -100.00
 202   173.969 56660.63977008 19.74 269.828777  41.867058  6.755 -100.00 -100.00 -100.00
 203   174.126 56670.55541624 28.62 269.824479  41.863824 21.204 -100.00 -100.00 -100.00
 203   174.047 56670.55541683 31.78 269.826250  41.866109   -100 -100.00 -100.00 -100.00
 203   174.025 56670.55541742 32.59 269.828021  41.868395   -100 -100.00 -100.00 -100.00
 203   173.998 56670.55541801 32.43 269.829791  41.870680   -100 -100.00 -100.00 -100.00
 205   174.011 56690.38670664 18.24 269.829263  41.875449  6.219 -100.00 -100.00 -100.00
 205   173.968 56690.38670723 18.55 269.831034  41.877734  7.009 -100.00 -100.00 -100.00
 205   174.452 56690.38670782 19.58 269.832805  41.880020  8.237 -100.00 -100.00 -100.00
 205   174.835 56690.38670841 19.94 269.834577  41.882305  8.142 -100.00 -100.00 -100.00
 205   174.002 56690.38670900 26.60 269.836348  41.884590 23.599 -100.00 -100.00 -100.00
 205   175.760 56690.38670959 23.53 269.838120  41.886876 15.824 -100.00 -100.00 -100.00
 205   173.814 56690.38671018 25.03 269.839892  41.889161 20.250 -100.00 -100.00 -100.00
 205   175.461 56690.38671077 22.92 269.841663  41.891446 14.669 -100.00 -100.00 -100.00
 206   174.222 56700.30234487 17.22 269.827056  41.869203  5.923 -100.00 -100.00 -100.00
 206   178.480 56700.30234546 17.60 269.828826  41.871489  5.863 -100.00 -100.00 -100.00
 206   173.865 56700.30234605 19.37 269.830597  41.873774  8.592 -100.00 -100.00 -100.00
 206   173.912 56700.30234664 18.87 269.832368  41.876060  7.699 -100.00 -100.00 -100.00
 207   173.991 56710.21797769 32.03 269.824778  41.859298 27.574 -100.00 -100.00 -100.00
 207   174.039 56710.21797829 30.15 269.826548  41.861584 20.783 -100.00 -100.00 -100.00
 207   174.076 56710.21797888 29.56 269.828319  41.863869 18.732 -100.00 -100.00 -100.00
 208   173.448 56720.13361946 28.60 269.825315  41.858709 26.311 -100.00 -100.00 -100.00
 208   172.917 56720.13362005 26.67 269.827086  41.860995 22.487 -100.00 -100.00 -100.00
 209   174.760 56730.04927249 40.01 269.824783  41.864211   -100 -100.00 -100.00 -100.00
 209   174.678 56730.04927308 43.22 269.826554  41.866497   -100 -100.00 -100.00 -100.00
 209   174.763 56730.04927367 45.10 269.828324  41.868782   -100 -100.00 -100.00 -100.00
 209   174.672 56730.04927426 44.53 269.830095  41.871067   -100 -100.00 -100.00 -100.00
 211   175.079 56749.88056866 27.60 269.829564  41.880500 22.206 -100.00 -100.00 -100.00
 211   175.088 56749.88056925 33.21 269.831335  41.882786   -100 -100.00 -100.00 -100.00
 211   175.160 56749.88056984 33.02 269.833106  41.885071   -100 -100.00 -100.00 -100.00
 211   175.020 56749.88057220 38.93 269.840193  41.894212 20.415 -100.00 -100.00 -100.00
 211   175.136 56749.88057279 34.29 269.841965  41.896497   -100 -100.00 -100.00 -100.00
 212   175.022 56759.79620781 22.13 269.830110  41.878397 12.714 -100.00 -100.00 -100.00
 212   175.280 56759.79620840 23.61 269.831881  41.880683 15.310 -100.00 -100.00 -100.00
 212   175.159 56759.79620899 30.01 269.833653  41.882968   -100 -100.00 -100.00 -100.00
 212   175.378 56759.79620958 30.02 269.835424  41.885254   -100 -100.00 -100.00 -100.00
 212   175.284 56759.79621017 32.08 269.837195  41.887539   -100 -100.00 -100.00 -100.00
 212   175.205 56759.79621076 33.12 269.838967  41.889824   -100 -100.00 -100.00 -100.00
 212   175.153 56759.79621135 35.39 269.840739  41.892110  4.150 -100.00 -100.00 -100.00
 212   175.379 56759.79621194 31.86 269.842511  41.894395   -100 -100.00 -100.00 -100.00
 213   176.953 56769.71183808 36.43 269.826078  41.865335   -100 -100.00 -100.00 -100.00
 213   177.053 56769.71183867 28.72 269.827849  41.867621 20.277 -100.00 -100.00 -100.00
 213   176.979 56769.71183926 27.33 269.829619  41.869907 18.773 -100.00 -100.00 -100.00
 214   176.831 56779.62748891 36.13 269.826152  41.866060   -100 -100.00 -100.00 -100.00
 214   176.874 56779.62748950 27.80 269.827923  41.868346 14.017 -100.00 -100.00 -100.00
 214   178.017 56779.62749009 25.49 269.829694  41.870631  9.782 -100.00 -100.00 -100.00
 215   177.800 56789.54314601 48.96 269.828688  41.874188   -100 -100.00 -100.00 -100.00
 215   177.541 56789.54314660 52.48 269.830459  41.876473 30.560 -100.00 -100.00 -100.00
 215   177.670 56789.54314719 52.40 269.832230  41.878759  9.115 -100.00 -100.00 -100.00
 215   177.511 56789.54314778 47.55 269.834001  41.881044   -100 -100.00 -100.00 -100.00
 215   177.454 56789.54314837 48.32 269.835773  41.883329 11.464 -100.00 -100.00 -100.00
 215   177.477 56789.54314896 47.67 269.837544  41.885615  7.910 -100.00 -100.00 -100.00
 215   177.509 56789.54314955 44.28 269.839316  41.887900   -100 -100.00 -100.00 -100.00
 216   177.503 56799.45879971 37.88 269.830916  41.882943   -100 -100.00 -100.00 -100.00
 216   177.348 56799.45880267 37.86 269.839775  41.894369   -100 -100.00 -100.00 -100.00
 216   177.337 56799.45880326 35.47 269.841547  41.896654   -100 -100.00 -100.00 -100.00
 219   176.873 56829.20571905 36.86 269.827622  41.871154 24.535 -100.00 -100.00 -100.00
 219   177.008 56829.20571964 30.85 269.829392  41.873439  7.457 -100.00 -100.00 -100.00
 219   176.631 56829.20572023 31.23 269.831163  41.875724  9.397 -100.00 -100.00 -100.00
 219   176.791 56829.20572082 33.18 269.832934  41.878009 12.511 -100.00 -100.00 -100.00
 220   177.320 56839.12135004 36.84 269.825614  41.860221   -100 -100.00 -100.00 -100.00
 220   177.332 56839.12135063 39.60 269.827384  41.862506   -100 -100.00 -100.00 -100.00
 221   177.262 56849.03697958 35.05 269.820503  41.848403 28.971 -100.00 -100.00 -100.00
 221   177.276 56849.03698017 37.17 269.822272  41.850688   -100 -100.00 -100.00 -100.00
 221   177.318 56849.03698076 37.44 269.824041  41.852974   -100 -100.00 -100.00 -100.00
 221   177.476 56849.03698136 37.77 269.825811  41.855259   -100 -100.00 -100.00 -100.00
 221   177.443 56849.03698195 40.68 269.827581  41.857544   -100 -100.00 -100.00 -100.00
 222   175.622 56858.95263700 35.77 269.824568  41.861004  3.697 -100.00 -100.00 -100.00
 222   175.728 56858.95263759 31.91 269.826338  41.863289   -100 -100.00 -100.00 -100.00
 222   175.953 56858.95263818 35.35 269.828109  41.865574   -100 -100.00 -100.00 -100.00
 223   174.452 56868.86829300 31.57 269.827749  41.871207   -100 -100.00 -100.00 -100.00
 223   174.447 56868.86829359 25.26 269.829520  41.873492 10.308 -100.00 -100.00 -100.00
 223   174.279 56868.86829418 25.69 269.831290  41.875777 14.312 -100.00 -100.00 -100.00
 223   174.312 56868.86829477 26.11 269.833061  41.878063 12.445 -100.00 -100.00 -100.00
 224   173.001 56878.78394523 26.81 269.828104  41.874277 22.569 -100.00 -100.00 -100.00
 224   174.033 56878.78394582 23.95 269.829875  41.876562 11.671 -100.00 -100.00 -100.00
 224   174.259 56878.78394641 23.73 269.831645  41.878848 11.397 -100.00 -100.00 -100.00
 224   174.297 56878.78394700 27.71 269.833416  41.881133 22.507 -100.00 -100.00 -100.00
 224   174.471 56878.78394759 29.22 269.835187  41.883418 26.135 -100.00 -100.00 -100.00
 224   174.459 56878.78394818 31.62 269.836959  41.885703   -100 -100.00 -100.00 -100.00
 224   174.639 56878.78394877 32.90 269.838730  41.887988   -100 -100.00 -100.00 -100.00
 224   174.730 56878.78394936 34.14 269.840502  41.890273   -100 -100.00 -100.00 -100.00
 224   174.264 56878.78394995 36.45 269.842273  41.892558   -100 -100.00 -100.00 -100.00
 225   173.456 56888.69959392 24.11 269.829427  41.876090 13.243 -100.00 -100.00 -100.00
 225   173.770 56888.69959451 24.83 269.831198  41.878375 14.579 -100.00 -100.00 -100.00
 225   173.789 56888.69959510 28.52 269.832969  41.880660 25.331 -100.00 -100.00 -100.00
 225   173.909 56888.69959569 28.92 269.834740  41.882945 22.738 -100.00 -100.00 -100.00
 225   174.132 56888.69959628 30.37 269.836512  41.885230 27.255 -100.00 -100.00 -100.00
 225   174.104 56888.69959687 32.97 269.838283  41.887515   -100 -100.00 -100.00 -100.00
 225   174.194 56888.69959747 34.30 269.840055  41.889800   -100 -100.00 -100.00 -100.00
 225   175.173 56888.69959806 31.80 269.841827  41.892085 24.064 -100.00 -100.00 -100.00
 226   174.092 56898.61523943 22.74 269.829678  41.876417  8.726 -100.00 -100.00 -100.00
 226   174.328 56898.61524002 23.03 269.831449  41.878702  8.895 -100.00 -100.00 -100.00
 226   174.515 56898.61524061 25.19 269.833220  41.880987 12.216 -100.00 -100.00 -100.00
 226   174.476 56898.61524120 30.77 269.834991  41.883272 27.165 -100.00 -100.00 -100.00
 226   174.492 56898.61524179 31.95 269.836763  41.885557 28.364 -100.00 -100.00 -100.00
 226   174.411 56898.61524238 34.27 269.838535  41.887842   -100 -100.00 -100.00 -100.00
 226   174.426 56898.61524297 34.63 269.840306  41.890127   -100 -100.00 -100.00 -100.00
 226   174.409 56898.61524356 36.41 269.842078  41.892412   -100 -100.00 -100.00 -100.00
 227   175.091 56908.53088282 41.93 269.830042  41.879204   -100 -100.00 -100.00 -100.00
 227   174.811 56908.53088341 47.44 269.831813  41.881489 18.852 -100.00 -100.00 -100.00
 227   174.836 56908.53088400 46.50 269.833584  41.883774 23.402 -100.00 -100.00 -100.00
 227   174.853 56908.53088459 43.01 269.835356  41.886059  8.978 -100.00 -100.00 -100.00
 227   174.879 56908.53088518 40.25 269.837128  41.888344   -100 -100.00 -100.00 -100.00
 227   174.907 56908.53088578 36.86 269.838899  41.890629   -100 -100.00 -100.00 -100.00
 227   174.948 56908.53088637 34.84 269.840671  41.892914 27.113 -100.00 -100.00 -100.00
 227   175.363 56908.53088696 34.34 269.842443  41.895198 24.482 -100.00 -100.00 -100.00
 228   175.747 56918.44652402 41.93 269.829965  41.881492  5.257 -100.00 -100.00 -100.00
 228   175.800 56918.44652461 39.89 269.831737  41.883777   -100 -100.00 -100.00 -100.00
 228   176.814 56918.44652756 44.40 269.840595  41.895202   -100 -100.00 -100.00 -100.00
 229   174.582 56928.36216270 48.34 269.830295  41.881441  8.779 -100.00 -100.00 -100.00
 229   174.664 56928.36216329 51.40 269.832066  41.883726 11.129 -100.00 -100.00 -100.00
 229   176.793 56928.36216625 42.31 269.840923  41.895151   -100 -100.00 -100.00 -100.00
 230   174.348 56938.27779565 43.39 269.828623  41.874232   -100 -100.00 -100.00 -100.00
 230   174.346 56938.27779624 37.33 269.830393  41.876517  4.748 -100.00 -100.00 -100.00
 230   174.359 56938.27779683 30.84 269.832164  41.878802   -100 -100.00 -100.00 -100.00
 230   174.360 56938.27779742 31.44 269.833934  41.881087 30.694 -100.00 -100.00 -100.00
 230   174.291 56938.27779801 31.97 269.835705  41.883372   -100 -100.00 -100.00 -100.00
 230   174.215 56938.27779860 37.56 269.837476  41.885657  0.335 -100.00 -100.00 -100.00
 230   174.204 56938.27779919 37.56 269.839247  41.887942   -100 -100.00 -100.00 -100.00
 230   174.236 56938.27779978 38.26 269.841018  41.890227   -100 -100.00 -100.00 -100.00
 231   174.617 56948.19342660 39.25 269.826156  41.863282  8.103 -100.00 -100.00 -100.00
 231   174.617 56948.19342719 34.91 269.827926  41.865567   -100 -100.00 -100.00 -100.00
 232   174.301 56958.10907990 26.85 269.825373  41.864057 21.802 -100.00 -100.00 -100.00
 232   174.601 56958.10908049 24.05 269.827143  41.866342 14.069 -100.00 -100.00 -100.00
 232   175.781 56958.10908108 22.38 269.828913  41.868627  9.916 -100.00 -100.00 -100.00
 233   174.162 56968.02472858 28.99 269.825821  41.867107 30.074 -100.00 -100.00 -100.00
 233   174.293 56968.02472918 25.01 269.827591  41.869393 15.471 -100.00 -100.00 -100.00
 233   174.412 56968.02472977 33.90 269.829362  41.871678   -100 -100.00 -100.00 -100.00
 233   174.282 56968.02473036 23.50 269.831132  41.873963 11.731 -100.00 -100.00 -100.00
 234   174.224 56977.94037418 28.03 269.828816  41.872744 20.129 -100.00 -100.00 -100.00
 234   174.068 56977.94037477 26.31 269.830586  41.875030 14.755 -100.00 -100.00 -100.00
 234   174.099 56977.94037536 25.77 269.832357  41.877315 11.803 -100.00 -100.00 -100.00
 234   173.991 56977.94037595 29.04 269.834128  41.879600 19.490 -100.00 -100.00 -100.00
 235   174.236 56987.85601320 41.75 269.826699  41.869301   -100 -100.00 -100.00 -100.00
 235   174.324 56987.85601379 43.15 269.828469  41.871586   -100 -100.00 -100.00 -100.00
 235   174.073 56987.85601438 45.06 269.830240  41.873872   -100 -100.00 -100.00 -100.00
 235   174.053 56987.85601497 47.36 269.832010  41.876157  3.848 -100.00 -100.00 -100.00
 236   174.525 56997.77164561 37.87 269.825808  41.862283   -100 -100.00 -100.00 -100.00
 236   174.089 56997.77164620 38.84 269.827578  41.864569   -100 -100.00 -100.00 -100.00
 237   174.546 57007.68729341 36.81 269.825092  41.860074   -100 -100.00 -100.00 -100.00
 237   174.241 57007.68729400 30.97 269.826862  41.862359 32.079 -100.00 -100.00 -100.00
 237   176.354 57007.68729460 30.53 269.828633  41.864645 26.044 -100.00 -100.00 -100.00
 238   174.570 57017.60294779 43.21 269.826189  41.863324 30.884 -100.00 -100.00 -100.00
 238   174.570 57017.60294838 40.60 269.827959  41.865610 24.258 -100.00 -100.00 -100.00
 239   221.674 57027.51859833 22.25 269.826054  41.865988 14.809 -100.00 -100.00 -100.00
 239   221.925 57027.51859892 23.08 269.827824  41.868273 13.045 -100.00 -100.00 -100.00
 239   220.482 57027.51859951 16.92 269.829595  41.870559 25.905 -100.00 -100.00 -100.00
 240   174.205 57037.43424781 30.96 269.828230  41.872343 24.405 -100.00 -100.00 -100.00
 240   174.239 57037.43424840 28.36 269.830001  41.874628 17.301 -100.00 -100.00 -100.00
 240   173.970 57037.43424899 33.80 269.831772  41.876913   -100 -100.00 -100.00 -100.00
 240   173.970 57037.43424958 34.20 269.833543  41.879199   -100 -100.00 -100.00 -100.00
 241   174.567 57047.34989361 40.83 269.828510  41.874052   -100 -100.00 -100.00 -100.00
 241   174.191 57047.34989421 40.38 269.830281  41.876337  7.507 -100.00 -100.00 -100.00
 241   174.191 57047.34989480 45.26 269.832052  41.878622 28.284 -100.00 -100.00 -100.00
 241   174.210 57047.34989539 43.34 269.833823  41.880908 15.313 -100.00 -100.00 -100.00
 241   174.415 57047.34989598 45.17 269.835594  41.883193  4.486 -100.00 -100.00 -100.00
 241   174.290 57047.34989657 45.28 269.837366  41.885478 11.313 -100.00 -100.00 -100.00
 241   174.224 57047.34989716 48.59 269.839137  41.887763   -100 -100.00 -100.00 -100.00
 241   174.221 57047.34989775 44.22 269.840909  41.890048 28.468 -100.00 -100.00 -100.00
 242   174.288 57057.26553493 40.12 269.828294  41.871794   -100 -100.00 -100.00 -100.00
 242   174.063 57057.26553552 39.35 269.830065  41.874079 13.633 -100.00 -100.00 -100.00
 242   174.042 57057.26553611 43.46 269.831836  41.876364   -100 -100.00 -100.00 -100.00
 242   174.095 57057.26553670 43.39 269.833607  41.878650 23.205 -100.00 -100.00 -100.00
 243   174.442 57067.18116966 37.60 269.826002  41.864447   -100 -100.00 -100.00 -100.00
 243   174.034 57067.18117025 34.82 269.827772  41.866732   -100 -100.00 -100.00 -100.00
 243   174.096 57067.18117084 32.32 269.829542  41.869017   -100 -100.00 -100.00 -100.00
 244   174.291 57077.09680058 34.54 269.824494  41.858861   -100 -100.00 -100.00 -100.00
 244   173.807 57077.09680117 34.50 269.826264  41.861146   -100 -100.00 -100.00 -100.00
 244   173.826 57077.09680176 36.22 269.828034  41.863432 11.991 -100.00 -100.00 -100.00
 245   174.142 57087.01243088 32.40 269.823900  41.855012 25.185 -100.00 -100.00 -100.00
 245   174.599 57087.01243147 35.33 269.825670  41.857298 28.229 -100.00 -100.00 -100.00
 245   174.166 57087.01243206 37.89 269.827439  41.859583  7.227 -100.00 -100.00 -100.00
 246   174.435 57096.92809173 37.54 269.824483  41.864642  3.107 -100.00 -100.00 -100.00
 246   174.358 57096.92809232 34.78 269.826253  41.866928   -100 -100.00 -100.00 -100.00
 246   174.592 57096.92809291 32.25 269.828024  41.869213 31.449 -100.00 -100.00 -100.00
 246   174.620 57096.92809350 32.72 269.829794  41.871499   -100 -100.00 -100.00 -100.00
 247   174.471 57106.84375049 23.26 269.828909  41.876356  9.349 -100.00 -100.00 -100.00
 247   174.556 57106.84375108 23.99 269.830679  41.878642  9.755 -100.00 -100.00 -100.00
 247   174.766 57106.84375167 26.04 269.832450  41.880927 13.696 -100.00 -100.00 -100.00
 247   174.824 57106.84375226 28.37 269.834222  41.883213 22.917 -100.00 -100.00 -100.00
 247   174.766 57106.84375285 30.51 269.835993  41.885498 28.109 -100.00 -100.00 -100.00
 247   174.937 57106.84375344 33.05 269.837764  41.887783   -100 -100.00 -100.00 -100.00
 247   174.923 57106.84375403 34.32 269.839536  41.890069   -100 -100.00 -100.00 -100.00
 247   174.891 57106.84375462 35.28 269.841308  41.892354   -100 -100.00 -100.00 -100.00
 247   175.662 57106.84375521 35.04 269.843080  41.894639   -100 -100.00 -100.00 -100.00
 248   174.221 57116.75940219 22.66 269.829515  41.878101 12.138 -100.00 -100.00 -100.00
 248   174.067 57116.75940278 27.30 269.831286  41.880386 26.383 -100.00 -100.00 -100.00
 248   174.253 57116.75940338 28.36 269.833057  41.882672 27.968 -100.00 -100.00 -100.00
 248   174.415 57116.75940397 31.52 269.834828  41.884957   -100 -100.00 -100.00 -100.00
 248   174.531 57116.75940456 32.54 269.836600  41.887243   -100 -100.00 -100.00 -100.00
 248   174.360 57116.75940515 34.36 269.838371  41.889528   -100 -100.00 -100.00 -100.00
 248   174.310 57116.75940574 37.56 269.840143  41.891814  7.092 -100.00 -100.00 -100.00
 248   175.061 57116.75940633 34.63 269.841915  41.894099   -100 -100.00 -100.00 -100.00
 248   175.629 57116.75940692 33.72 269.843687  41.896384   -100 -100.00 -100.00 -100.00
 249   174.982 57126.67504684 35.24 269.829403  41.876200 18.963 -100.00 -100.00 -100.00
 249   174.822 57126.67504743 33.25 269.831174  41.878485 13.870 -100.00 -100.00 -100.00
 249   174.774 57126.67504802 32.99 269.832945  41.880771 11.687 -100.00 -100.00 -100.00
 249   175.047 57126.67504861 32.54 269.834716  41.883056 11.049 -100.00 -100.00 -100.00
 249   174.872 57126.67504920 36.51 269.836487  41.885342 19.131 -100.00 -100.00 -100.00
 249   174.911 57126.67504979 38.88 269.838259  41.887627 25.517 -100.00 -100.00 -100.00
 249   175.133 57126.67505038 37.19 269.840031  41.889912 19.301 -100.00 -100.00 -100.00
 249   175.818 57126.67505097 36.57 269.841803  41.892198 17.077 -100.00 -100.00 -100.00
 250   174.688 57136.59068548 29.46 269.828164  41.872243   -100 -100.00 -100.00 -100.00
 250   175.040 57136.59068607 21.97 269.829935  41.874529  8.890 -100.00 -100.00 -100.00
 250   174.619 57136.59068666 22.30 269.831706  41.876814 10.553 -100.00 -100.00 -100.00
 250   174.642 57136.59068725 25.98 269.833477  41.879100 21.949 -100.00 -100.00 -100.00
