#  150.000  -1.392   8.397 ;Mean Elev.(m), Avg Gradient(m/km), RMS Gradient(m/km) - SRTM1     
#    0.000   0.000   0.000 ;Mean Elev.(m), Avg Gradient(m/km), RMS Gradient(m/km) - ASTER GDEM
#  150.000   0.121   8.767 ;Mean Elev.(m), Avg Gradient(m/km), RMS Gradient(m/km) - GMTED2010 
   1   183.874 54667.59509247 10.80 268.497830  40.086053 11.200 -100.00 -100.00 -100.00
   1   183.940 54667.59509306  7.46 268.499497  40.088364  6.075 -100.00 -100.00 -100.00
   2   190.810 54677.51073722 10.14 268.497420  40.088485  3.549 -100.00 -100.00 -100.00
   2   189.938 54677.51073781  9.92 268.499087  40.090796  4.197 -100.00 -100.00 -100.00
   2   190.194 54677.51073840  9.35 268.500754  40.093107  4.608 -100.00 -100.00 -100.00
   3   138.706 54687.42638035 15.30 268.497146  40.089804  8.377 -100.00 -100.00 -100.00
   3   140.620 54687.42638094 20.34 268.498812  40.092115 12.580 -100.00 -100.00 -100.00
   3   142.729 54687.42638153 28.66 268.500479  40.094426 19.043 -100.00 -100.00 -100.00
   4   200.064 54697.34202113 22.11 268.497621  40.088345 17.758 -100.00 -100.00 -100.00
   4   196.654 54697.34202172 23.91 268.499287  40.090656 12.237 -100.00 -100.00 -100.00
   4   193.549 54697.34202231 25.90 268.500954  40.092967 16.405 -100.00 -100.00 -100.00
   5   144.129 54707.25766143 35.22 268.497897  40.084193 16.515 -100.00 -100.00 -100.00
   5   143.940 54707.25766202 36.95 268.499563  40.086504 20.890 -100.00 -100.00 -100.00
   6   143.256 54717.17331350 39.43 268.498662  40.085386   -100 -100.00 -100.00 -100.00
   6   143.036 54717.17331409 45.68 268.500329  40.087697   -100 -100.00 -100.00 -100.00
   7   145.858 54727.08896302 43.68 268.498575  40.086172 29.112 -100.00 -100.00 -100.00
   7   145.378 54727.08896361 50.04 268.500242  40.088483 11.129 -100.00 -100.00 -100.00
   8   198.719 54737.00461149 10.01 268.497901  40.089305  7.448 -100.00 -100.00 -100.00
   8   200.590 54737.00461208  8.55 268.499568  40.091615  4.592 -100.00 -100.00 -100.00
   9   145.243 54746.92025975 34.47 268.496705  40.093117   -100 -100.00 -100.00 -100.00
   9   143.067 54746.92026034 34.18 268.498372  40.095428   -100 -100.00 -100.00 -100.00
   9   143.021 54746.92026093 32.33 268.500039  40.097739 26.382 -100.00 -100.00 -100.00
  10   143.656 54756.83590757 40.99 268.496278  40.096112   -100 -100.00 -100.00 -100.00
  10   143.460 54756.83590816 40.83 268.497945  40.098422   -100 -100.00 -100.00 -100.00
  11   145.770 54766.75155288 26.25 268.496539  40.095225 23.391 -100.00 -100.00 -100.00
  11   145.774 54766.75155347 23.28 268.498206  40.097536 12.819 -100.00 -100.00 -100.00
  12   145.326 54776.66719406 25.65 268.496173  40.089802 21.144 -100.00 -100.00 -100.00
  12   145.300 54776.66719465 26.24 268.497840  40.092113 22.307 -100.00 -100.00 -100.00
  12   145.402 54776.66719524 25.58 268.499507  40.094424 14.698 -100.00 -100.00 -100.00
  13   184.131 54786.58283324 11.56 268.496888  40.086680 11.333 -100.00 -100.00 -100.00
  13   183.519 54786.58283383  8.71 268.498555  40.088991  7.314 -100.00 -100.00 -100.00
  13   183.356 54786.58283442  8.10 268.500223  40.091302  7.775 -100.00 -100.00 -100.00
  14   183.596 54796.49847153 18.00 268.497481  40.086193 19.756 -100.00 -100.00 -100.00
  14   183.325 54796.49847212 12.17 268.499148  40.088504  8.817 -100.00 -100.00 -100.00
  14   197.631 54796.49847271  9.81 268.500815  40.090815  6.901 -100.00 -100.00 -100.00
  17   183.913 54826.24539429 12.48 268.498330  40.086977  5.044 -100.00 -100.00 -100.00
  17   183.479 54826.24539488 12.69 268.499997  40.089288  5.783 -100.00 -100.00 -100.00
  18   201.084 54836.16103361 25.72 268.496708  40.088522 18.901 -100.00 -100.00 -100.00
  18   197.857 54836.16103420 26.96 268.498375  40.090833 14.809 -100.00 -100.00 -100.00
  18   192.128 54836.16103479 27.81 268.500042  40.093144   -100 -100.00 -100.00 -100.00
  19   194.669 54846.07668387 16.06 268.495807  40.092683  9.859 -100.00 -100.00 -100.00
  19   194.713 54846.07668446 13.21 268.497474  40.094994  6.764 -100.00 -100.00 -100.00
  19   176.272 54846.07668505 17.40 268.499141  40.097305 14.257 -100.00 -100.00 -100.00
  20   196.323 54855.99233373 14.62 268.495691  40.096902  7.045 -100.00 -100.00 -100.00
  20   185.876 54855.99233432 12.54 268.497358  40.099213  4.755 -100.00 -100.00 -100.00
  21   182.250 54865.90798328 12.43 268.495241  40.099372  4.955 -100.00 -100.00 -100.00
  21   181.337 54865.90798387 14.47 268.496909  40.101683  9.465 -100.00 -100.00 -100.00
  22   200.878 54875.82363232 21.69 268.495952  40.100795 11.163 -100.00 -100.00 -100.00
  22   198.679 54875.82363291 20.81 268.497620  40.103106  9.818 -100.00 -100.00 -100.00
  23   197.483 54885.73927786 15.07 268.496589  40.099156  5.152 -100.00 -100.00 -100.00
  23   201.405 54885.73927845 25.05 268.498256  40.101467 10.879 -100.00 -100.00 -100.00
  24   145.571 54895.65491979 31.17 268.497007  40.097053   -100 -100.00 -100.00 -100.00
  24   145.632 54895.65492038 28.08 268.498675  40.099364   -100 -100.00 -100.00 -100.00
  25   146.580 54905.57055870 38.82 268.496183  40.094614   -100 -100.00 -100.00 -100.00
  25   146.327 54905.57055929 39.74 268.497850  40.096925   -100 -100.00 -100.00 -100.00
  25   146.622 54905.57055988 37.66 268.499518  40.099236 32.578 -100.00 -100.00 -100.00
  26   145.131 54915.48619685 42.65 268.496773  40.094689   -100 -100.00 -100.00 -100.00
  26   145.088 54915.48619744 43.83 268.498440  40.097000   -100 -100.00 -100.00 -100.00
  27   145.491 54925.40183438 46.22 268.496886  40.094016   -100 -100.00 -100.00 -100.00
  27   145.497 54925.40183497 51.03 268.498553  40.096327  5.765 -100.00 -100.00 -100.00
  28   199.591 54935.31747069 10.76 268.496807  40.090886  3.824 -100.00 -100.00 -100.00
  28   190.466 54935.31747128  9.12 268.498474  40.093198  3.380 -100.00 -100.00 -100.00
  28   189.938 54935.31747187  9.08 268.500141  40.095509  3.893 -100.00 -100.00 -100.00
  29   199.990 54945.23310456 15.09 268.496926  40.084991  5.565 -100.00 -100.00 -100.00
  29   199.171 54945.23310515 13.48 268.498592  40.087302  4.490 -100.00 -100.00 -100.00
  29   200.744 54945.23310574 26.95 268.500259  40.089613 15.411 -100.00 -100.00 -100.00
  30   183.887 54955.14873672 14.05 268.500161  40.081287 12.409 -100.00 -100.00 -100.00
  30   201.723 54955.14873731  8.20 268.501828  40.083598  3.420 -100.00 -100.00 -100.00
  31   183.404 54965.06438344 12.41 268.499639  40.081247 10.684 -100.00 -100.00 -100.00
  31   183.390 54965.06438403  9.67 268.501305  40.083558  6.782 -100.00 -100.00 -100.00
  32   173.650 54974.98003168 17.29 268.497961  40.082824 23.779 -100.00 -100.00 -100.00
  32   172.793 54974.98003227 17.63 268.499628  40.085135 26.734 -100.00 -100.00 -100.00
  32   183.692 54974.98003286  9.35 268.501295  40.087446  8.119 -100.00 -100.00 -100.00
  33   190.450 54984.89568001 15.05 268.496865  40.085617  4.209 -100.00 -100.00 -100.00
  33   189.802 54984.89568061 14.92 268.498532  40.087928  4.548 -100.00 -100.00 -100.00
  33   189.096 54984.89568120 14.01 268.500199  40.090239  4.384 -100.00 -100.00 -100.00
  34   145.107 54994.81132825 31.58 268.496643  40.087645 18.969 -100.00 -100.00 -100.00
  34   144.562 54994.81132884 34.98 268.498310  40.089957   -100 -100.00 -100.00 -100.00
  34   145.115 54994.81132943 34.68 268.499977  40.092268 27.181 -100.00 -100.00 -100.00
  35   201.247 55004.72697523 17.71 268.497240  40.090013  7.887 -100.00 -100.00 -100.00
  35   201.804 55004.72697582 22.34 268.498907  40.092324 19.491 -100.00 -100.00 -100.00
  35   198.708 55004.72697641 23.98 268.500574  40.094635 13.707 -100.00 -100.00 -100.00
  36   145.286 55014.64261989 27.46 268.497540  40.092156 22.936 -100.00 -100.00 -100.00
  36   144.662 55014.64262048 30.10 268.499207  40.094467 30.953 -100.00 -100.00 -100.00
  36   144.165 55014.64262107 32.27 268.500874  40.096778   -100 -100.00 -100.00 -100.00
  37   144.546 55024.55826263 42.89 268.496674  40.092669   -100 -100.00 -100.00 -100.00
  37   144.373 55024.55826322 45.31 268.498341  40.094980   -100 -100.00 -100.00 -100.00
  37   144.492 55024.55826381 47.36 268.500009  40.097291   -100 -100.00 -100.00 -100.00
  38   144.158 55034.47390474 43.12 268.496008  40.093530 28.006 -100.00 -100.00 -100.00
  38   143.798 55034.47390533 47.30 268.497675  40.095841   -100 -100.00 -100.00 -100.00
  38   144.116 55034.47390592 51.21 268.499342  40.098152   -100 -100.00 -100.00 -100.00
  39   145.554 55044.38954586 24.82 268.496477  40.092859 21.866 -100.00 -100.00 -100.00
  39   145.510 55044.38954645 25.54 268.498144  40.095170 20.706 -100.00 -100.00 -100.00
  39   143.108 55044.38954704 28.20 268.499811  40.097481 29.621 -100.00 -100.00 -100.00
  40   199.668 55054.30518455  6.78 268.497284  40.088309  5.440 -100.00 -100.00 -100.00
  40   199.729 55054.30518514  7.46 268.498950  40.090620  6.277 -100.00 -100.00 -100.00
  40   200.143 55054.30518573 14.79 268.500617  40.092931 15.810 -100.00 -100.00 -100.00
  41   172.956 55064.22082114 17.23 268.498944  40.083883 23.992 -100.00 -100.00 -100.00
  41   183.409 55064.22082173 13.58 268.500610  40.086194 13.992 -100.00 -100.00 -100.00
  42   145.982 55074.13646716 41.89 268.497979  40.083094 31.962 -100.00 -100.00 -100.00
  42   145.973 55074.13646775 45.38 268.499645  40.085405   -100 -100.00 -100.00 -100.00
  42   145.775 55074.13646834 49.45 268.501311  40.087716   -100 -100.00 -100.00 -100.00
  43   199.755 55084.05211561 28.03 268.496817  40.085939   -100 -100.00 -100.00 -100.00
  43   199.268 55084.05211620 20.96 268.498483  40.088250 14.742 -100.00 -100.00 -100.00
  43   196.470 55084.05211679 29.99 268.500150  40.090561   -100 -100.00 -100.00 -100.00
  44   183.234 55093.96776342 10.35 268.497490  40.091682  9.330 -100.00 -100.00 -100.00
  44   184.229 55093.96776401  8.39 268.499157  40.093993  7.111 -100.00 -100.00 -100.00
  44   184.613 55093.96776460  8.92 268.500825  40.096304  5.548 -100.00 -100.00 -100.00
  45   145.087 55103.88341019 34.94 268.496582  40.092804   -100 -100.00 -100.00 -100.00
  45   145.421 55103.88341078 27.79 268.498249  40.095115 26.247 -100.00 -100.00 -100.00
  45   143.222 55103.88341137 26.04 268.499917  40.097425 21.702 -100.00 -100.00 -100.00
  46   145.557 55113.79905656 29.31 268.496265  40.092618   -100 -100.00 -100.00 -100.00
  46   145.875 55113.79905715 23.25 268.497932  40.094929 12.171 -100.00 -100.00 -100.00
  46   145.735 55113.79905774 23.91 268.499599  40.097239 14.384 -100.00 -100.00 -100.00
  47   183.534 55123.71470010 12.28 268.496197  40.090281  8.140 -100.00 -100.00 -100.00
  47   183.894 55123.71470069  9.97 268.497864  40.092592  5.223 -100.00 -100.00 -100.00
  47   184.507 55123.71470128  8.96 268.499531  40.094903  4.754 -100.00 -100.00 -100.00
  48   189.952 55133.63034081 10.35 268.496603  40.088201  6.133 -100.00 -100.00 -100.00
  48   184.030 55133.63034140  8.79 268.498270  40.090512  4.837 -100.00 -100.00 -100.00
  48   188.842 55133.63034199  7.67 268.499937  40.092823  4.355 -100.00 -100.00 -100.00
  49   183.926 55143.54597970  9.53 268.497665  40.088164  7.060 -100.00 -100.00 -100.00
  49   183.560 55143.54598029  9.04 268.499332  40.090475  5.960 -100.00 -100.00 -100.00
  49   183.234 55143.54598088  7.86 268.500999  40.092786  5.340 -100.00 -100.00 -100.00
  50   201.266 55153.46161779 11.34 268.497889  40.088690  4.927 -100.00 -100.00 -100.00
  50   201.427 55153.46161838 15.88 268.499557  40.091001  7.114 -100.00 -100.00 -100.00
  51   198.517 55163.37725595 16.13 268.498063  40.088333  7.796 -100.00 -100.00 -100.00
  51   198.740 55163.37725654 13.15 268.499730  40.090644  6.450 -100.00 -100.00 -100.00
  52   198.685 55173.29289316 18.28 268.497294  40.085015 15.586 -100.00 -100.00 -100.00
  52   199.748 55173.29289375 22.66 268.498960  40.087326 28.744 -100.00 -100.00 -100.00
  52   196.217 55173.29289434 25.12 268.500627  40.089637 15.809 -100.00 -100.00 -100.00
  53   144.595 55183.20853030 41.07 268.498910  40.083513 14.930 -100.00 -100.00 -100.00
  53   143.692 55183.20853089 48.16 268.500577  40.085824   -100 -100.00 -100.00 -100.00
  54   201.685 55193.12418219 25.56 268.498361  40.087708 26.801 -100.00 -100.00 -100.00
  54   198.504 55193.12418278 27.29 268.500028  40.090019 24.064 -100.00 -100.00 -100.00
  55   196.604 55203.03983296 18.80 268.496828  40.092372 27.266 -100.00 -100.00 -100.00
  55   201.174 55203.03983355 27.06 268.498495  40.094683 18.478 -100.00 -100.00 -100.00
  55   197.567 55203.03983415 28.09 268.500162  40.096994 16.295 -100.00 -100.00 -100.00
  56   201.593 55212.95548326 17.62 268.496163  40.096704 15.426 -100.00 -100.00 -100.00
  56   195.917 55212.95548385 14.22 268.497830  40.099015 11.802 -100.00 -100.00 -100.00
  57   195.070 55222.87113286 17.62 268.496644  40.098854  6.160 -100.00 -100.00 -100.00
  57   177.982 55222.87113345 15.53 268.498312  40.101165  9.078 -100.00 -100.00 -100.00
  58   190.818 55232.78677986 22.98 268.495413  40.095391 12.044 -100.00 -100.00 -100.00
  58   189.398 55232.78678045 25.81 268.497080  40.097703 22.259 -100.00 -100.00 -100.00
  58   190.515 55232.78678104 13.05 268.498748  40.100014 13.321 -100.00 -100.00 -100.00
  59   144.230 55242.70242429 42.87 268.497389  40.094037 28.607 -100.00 -100.00 -100.00
  59   143.557 55242.70242488 48.37 268.499056  40.096349 19.345 -100.00 -100.00 -100.00
  60   144.002 55252.61806473 40.93 268.496182  40.091144 29.299 -100.00 -100.00 -100.00
  60   143.754 55252.61806532 45.30 268.497850  40.093456   -100 -100.00 -100.00 -100.00
  60   143.459 55252.61806591 49.49 268.499517  40.095767 31.024 -100.00 -100.00 -100.00
  61   184.459 55262.53370401 11.86 268.496995  40.093971  4.626 -100.00 -100.00 -100.00
  61   177.544 55262.53370460 16.19 268.498663  40.096283 11.756 -100.00 -100.00 -100.00
  62   146.972 55272.44934162 50.20 268.496612  40.094553  0.471 -100.00 -100.00 -100.00
  62   146.948 55272.44934221 52.12 268.498279  40.096864  2.347 -100.00 -100.00 -100.00
  63   146.672 55282.36497846 39.02 268.496906  40.092244   -100 -100.00 -100.00 -100.00
  63   146.717 55282.36497905 35.80 268.498574  40.094555 31.590 -100.00 -100.00 -100.00
  63   146.694 55282.36497964 37.37 268.500241  40.096867   -100 -100.00 -100.00 -100.00
  64   184.103 55292.28061341 11.51 268.497229  40.086399  7.747 -100.00 -100.00 -100.00
  64   183.861 55292.28061401 11.29 268.498896  40.088710  6.866 -100.00 -100.00 -100.00
  64   183.484 55292.28061460  8.83 268.500563  40.091022  4.295 -100.00 -100.00 -100.00
  65   202.293 55302.19624714 23.09 268.498202  40.080616 25.265 -100.00 -100.00 -100.00
  65   198.444 55302.19624773 26.31 268.499869  40.082927 18.282 -100.00 -100.00 -100.00
  65   193.857 55302.19624832 13.12 268.501536  40.085238 13.205 -100.00 -100.00 -100.00
  66   179.647 55312.11189481 16.43 268.498056  40.081675 13.180 -100.00 -100.00 -100.00
  66   188.128 55312.11189540 13.45 268.499722  40.083987  9.988 -100.00 -100.00 -100.00
  66   180.662 55312.11189599 14.52 268.501389  40.086298 11.688 -100.00 -100.00 -100.00
  67   200.507 55322.02754046 16.98 268.497146  40.083746 15.162 -100.00 -100.00 -100.00
  67   201.117 55322.02754105 11.69 268.498813  40.086057  8.477 -100.00 -100.00 -100.00
  67   197.407 55322.02754164  7.00 268.500480  40.088369  5.224 -100.00 -100.00 -100.00
  68   199.036 55331.94318579 22.37 268.497785  40.088680 32.419 -100.00 -100.00 -100.00
  68   196.448 55331.94318638 21.87 268.499452  40.090992 17.199 -100.00 -100.00 -100.00
  69   145.778 55341.85883046 45.45 268.497216  40.090596 29.240 -100.00 -100.00 -100.00
  69   145.410 55341.85883105 49.57 268.498883  40.092907   -100 -100.00 -100.00 -100.00
  69   145.418 55341.85883164 53.02 268.500550  40.095218   -100 -100.00 -100.00 -100.00
  70   183.781 55351.77447450 12.13 268.497087  40.089986  7.664 -100.00 -100.00 -100.00
  70   183.457 55351.77447509 10.98 268.498754  40.092297  7.132 -100.00 -100.00 -100.00
  70   183.889 55351.77447569 10.26 268.500421  40.094608  6.365 -100.00 -100.00 -100.00
  71   190.918 55361.69011616 12.14 268.497170  40.088426  3.680 -100.00 -100.00 -100.00
  71   190.291 55361.69011675 11.71 268.498837  40.090737  3.854 -100.00 -100.00 -100.00
  71   190.458 55361.69011734 10.95 268.500504  40.093048  3.515 -100.00 -100.00 -100.00
  72   200.078 55371.60575594 20.06 268.497316  40.088388 15.542 -100.00 -100.00 -100.00
  72   201.085 55371.60575653 15.83 268.498982  40.090699 13.684 -100.00 -100.00 -100.00
  72   202.573 55371.60575712 17.69 268.500649  40.093010 17.643 -100.00 -100.00 -100.00
  74   183.838 55391.43703130 12.79 268.496605  40.087804 10.090 -100.00 -100.00 -100.00
  74   183.871 55391.43703189  7.72 268.498271  40.090115  6.008 -100.00 -100.00 -100.00
  74   184.045 55391.43703248  6.19 268.499938  40.092426  5.474 -100.00 -100.00 -100.00
  75   146.671 55401.35266666 38.21 268.497116  40.084237   -100 -100.00 -100.00 -100.00
  75   146.247 55401.35266725 40.08 268.498782  40.086548  0.129 -100.00 -100.00 -100.00
  75   146.275 55401.35266784 40.91 268.500449  40.088859   -100 -100.00 -100.00 -100.00
  76   204.060 55411.26831606 26.94 268.498387  40.084062 20.281 -100.00 -100.00 -100.00
  76   200.315 55411.26831665 23.89 268.500053  40.086373 17.732 -100.00 -100.00 -100.00
  77   146.633 55421.18396565 45.86 268.498945  40.083818 26.206 -100.00 -100.00 -100.00
  77   146.885 55421.18396624 41.98 268.500612  40.086129   -100 -100.00 -100.00 -100.00
  78   146.530 55431.09961242 40.20 268.498095  40.084186   -100 -100.00 -100.00 -100.00
  78   146.326 55431.09961302 41.96 268.499762  40.086497  1.255 -100.00 -100.00 -100.00
  79   183.993 55441.01525785  7.77 268.497195  40.088303  5.110 -100.00 -100.00 -100.00
  79   199.193 55441.01525844  8.14 268.498862  40.090613  5.411 -100.00 -100.00 -100.00
  79   199.325 55441.01525903  9.73 268.500529  40.092924  4.359 -100.00 -100.00 -100.00
  80   144.957 55450.93090174 36.22 268.496256  40.091404 27.992 -100.00 -100.00 -100.00
  80   144.313 55450.93090233 36.96 268.497923  40.093715   -100 -100.00 -100.00 -100.00
  80   144.233 55450.93090292 32.95 268.499590  40.096026   -100 -100.00 -100.00 -100.00
  81   145.829 55460.84654499 28.77 268.497371  40.093072   -100 -100.00 -100.00 -100.00
  81   145.923 55460.84654559 26.30 268.499038  40.095383 20.897 -100.00 -100.00 -100.00
  82   177.752 55470.76218579 11.92 268.497248  40.088614 10.626 -100.00 -100.00 -100.00
  82   183.636 55470.76218638  9.21 268.498914  40.090925  6.436 -100.00 -100.00 -100.00
  82   183.437 55470.76218697  9.64 268.500581  40.093236  7.747 -100.00 -100.00 -100.00
  83   146.717 55480.67782384 44.10 268.498518  40.084946 31.044 -100.00 -100.00 -100.00
  83   146.378 55480.67782443 49.32 268.500185  40.087257   -100 -100.00 -100.00 -100.00
  84   173.208 55490.59345916 17.97 268.498497  40.081227 27.473 -100.00 -100.00 -100.00
  84   175.218 55490.59345975 13.72 268.500164  40.083538 16.903 -100.00 -100.00 -100.00
  85   200.351 55500.50909266 13.11 268.498443  40.079967 11.472 -100.00 -100.00 -100.00
  85   200.109 55500.50909325 13.30 268.500110  40.082279  7.924 -100.00 -100.00 -100.00
  85   200.966 55500.50909384 20.98 268.501776  40.084590 16.754 -100.00 -100.00 -100.00
  86   201.514 55510.42473548 27.12 268.498349  40.083690   -100 -100.00 -100.00 -100.00
  86   201.286 55510.42473607 11.59 268.500016  40.086001  8.778 -100.00 -100.00 -100.00
  87   199.687 55520.34038579 15.60 268.497541  40.087845  9.473 -100.00 -100.00 -100.00
  87   198.549 55520.34038638 26.41 268.499207  40.090156 14.104 -100.00 -100.00 -100.00
  87   195.431 55520.34038697 24.33 268.500874  40.092467 11.985 -100.00 -100.00 -100.00
  88   183.789 55530.25603483  9.13 268.497783  40.090373  5.455 -100.00 -100.00 -100.00
  88   182.696 55530.25603542 11.54 268.499450  40.092685  8.861 -100.00 -100.00 -100.00
  88   184.399 55530.25603601  9.39 268.501117  40.094996  6.994 -100.00 -100.00 -100.00
  89   197.224 55540.17168163 15.75 268.497207  40.089993  8.144 -100.00 -100.00 -100.00
  89   182.757 55540.17168222 17.05 268.498873  40.092304 13.836 -100.00 -100.00 -100.00
  89   199.202 55540.17168281 17.71 268.500540  40.094615 11.721 -100.00 -100.00 -100.00
  90   199.192 55550.08732659 13.37 268.496956  40.090604  4.344 -100.00 -100.00 -100.00
  90   198.125 55550.08732718 24.06 268.498623  40.092915 16.422 -100.00 -100.00 -100.00
  90   193.463 55550.08732777 23.06 268.500290  40.095226 20.587 -100.00 -100.00 -100.00
  91   179.547 55560.00297031 14.92 268.496152  40.092705 11.109 -100.00 -100.00 -100.00
  91   177.674 55560.00297090 15.22 268.497819  40.095016 10.586 -100.00 -100.00 -100.00
  91   182.035 55560.00297149 15.61 268.499486  40.097327 13.646 -100.00 -100.00 -100.00
  92   195.613 55569.91861366 15.76 268.496946  40.095939 11.210 -100.00 -100.00 -100.00
  92   200.297 55569.91861426 19.78 268.498613  40.098250 16.592 -100.00 -100.00 -100.00
  93   184.816 55579.83425517 10.50 268.497117  40.094587  8.281 -100.00 -100.00 -100.00
  93   185.313 55579.83425576  9.20 268.498784  40.096899  6.675 -100.00 -100.00 -100.00
  94   183.251 55589.74989339 11.35 268.497967  40.089897 10.922 -100.00 -100.00 -100.00
  94   182.217 55589.74989398 15.06 268.499634  40.092208 17.303 -100.00 -100.00 -100.00
  95   191.786 55599.66552769 18.07 268.497864  40.081753 10.916 -100.00 -100.00 -100.00
  95   190.813 55599.66552828 22.32 268.499531  40.084064 19.116 -100.00 -100.00 -100.00
  95   189.262 55599.66552887 21.76 268.501198  40.086375   -100 -100.00 -100.00 -100.00
  96   189.848 55609.58116070 14.73 268.499620  40.079203  6.585 -100.00 -100.00 -100.00
  96   189.422 55609.58116129 15.67 268.501286  40.081515  8.922 -100.00 -100.00 -100.00
  97   202.151 55619.49679253 24.30 268.500824  40.079805 12.892 -100.00 -100.00 -100.00
  97   197.154 55619.49679312 26.45 268.502491  40.082117 31.944 -100.00 -100.00 -100.00
  98   198.698 55629.41244261 27.35 268.499042  40.084824 17.752 -100.00 -100.00 -100.00
  98   195.391 55629.41244320 15.82 268.500709  40.087136  9.656 -100.00 -100.00 -100.00
  99   199.700 55639.32809335 11.34 268.497256  40.086075  6.703 -100.00 -100.00 -100.00
  99   199.476 55639.32809394 15.08 268.498923  40.088387  5.731 -100.00 -100.00 -100.00
  99   200.765 55639.32809453 22.21 268.500590  40.090698 21.195 -100.00 -100.00 -100.00
 100   200.824 55649.24374150 13.50 268.497323  40.085014  5.120 -100.00 -100.00 -100.00
 100   199.495 55649.24374209 13.64 268.498990  40.087325  8.657 -100.00 -100.00 -100.00
 100   202.847 55649.24374268 25.34 268.500657  40.089636 13.515 -100.00 -100.00 -100.00
 101   202.466 55659.15938677 26.19 268.498811  40.084707   -100 -100.00 -100.00 -100.00
 101   199.326 55659.15938736 27.46 268.500478  40.087018 16.606 -100.00 -100.00 -100.00
 102   146.408 55669.07502816 45.76 268.498374  40.083975  9.335 -100.00 -100.00 -100.00
 102   146.640 55669.07502875 47.16 268.500041  40.086286  0.805 -100.00 -100.00 -100.00
 103   147.850 55678.99066757 42.24 268.496986  40.084173 30.257 -100.00 -100.00 -100.00
 103   147.517 55678.99066816 45.51 268.498653  40.086485   -100 -100.00 -100.00 -100.00
 103   147.420 55678.99066875 44.88 268.500320  40.088796  5.746 -100.00 -100.00 -100.00
 104   184.295 55688.90630560 12.52 268.497180  40.085787 10.286 -100.00 -100.00 -100.00
 104   183.622 55688.90630619 10.94 268.498847  40.088098  8.770 -100.00 -100.00 -100.00
 104   183.670 55688.90630678  7.18 268.500513  40.090409  4.683 -100.00 -100.00 -100.00
 105   201.443 55698.82194192 11.66 268.497893  40.085607  5.938 -100.00 -100.00 -100.00
 105   199.909 55698.82194251 25.33 268.499559  40.087918 18.939 -100.00 -100.00 -100.00
 106   184.429 55708.73757888 13.82 268.498568  40.083088  9.982 -100.00 -100.00 -100.00
 106   184.111 55708.73757947 12.73 268.500234  40.085399  8.138 -100.00 -100.00 -100.00
 107   184.264 55718.65323009 13.22 268.498363  40.085098  9.470 -100.00 -100.00 -100.00
 107   183.854 55718.65323068  9.69 268.500029  40.087409  5.014 -100.00 -100.00 -100.00
 108   201.416 55728.56887846 19.34 268.496914  40.086485  8.388 -100.00 -100.00 -100.00
 108   203.564 55728.56887905 13.33 268.498581  40.088796  5.790 -100.00 -100.00 -100.00
 108   203.638 55728.56887964 28.41 268.500248  40.091107 29.304 -100.00 -100.00 -100.00
 109   201.270 55738.48452591 15.74 268.497562  40.090603  5.760 -100.00 -100.00 -100.00
 109   203.273 55738.48452650 25.65 268.499229  40.092914 12.771 -100.00 -100.00 -100.00
 109   199.495 55738.48452709 25.50 268.500896  40.095225 14.102 -100.00 -100.00 -100.00
 110   146.152 55748.40017120 44.28 268.496393  40.091246 31.987 -100.00 -100.00 -100.00
 110   145.907 55748.40017179 48.62 268.498060  40.093557   -100 -100.00 -100.00 -100.00
 110   146.130 55748.40017238 51.27 268.499726  40.095868   -100 -100.00 -100.00 -100.00
 111   144.898 55758.31581406 34.82 268.496649  40.090643   -100 -100.00 -100.00 -100.00
 111   145.092 55758.31581465 36.16 268.498316  40.092954   -100 -100.00 -100.00 -100.00
 111   144.913 55758.31581524 37.29 268.499983  40.095265   -100 -100.00 -100.00 -100.00
 112   183.909 55768.23145387 10.45 268.497813  40.087882 10.105 -100.00 -100.00 -100.00
 112   183.647 55768.23145446  8.45 268.499480  40.090193  7.168 -100.00 -100.00 -100.00
 113   144.974 55778.14708995 35.22 268.497716  40.082119   -100 -100.00 -100.00 -100.00
 113   145.240 55778.14709054 35.06 268.499383  40.084430 31.044 -100.00 -100.00 -100.00
 113   145.230 55778.14709113 36.88 268.501049  40.086741   -100 -100.00 -100.00 -100.00
 114   201.799 55788.06272463 25.58 268.499674  40.080612 16.915 -100.00 -100.00 -100.00
 114   197.677 55788.06272522 22.56 268.501341  40.082923 10.306 -100.00 -100.00 -100.00
 115   183.277 55797.97835805 13.96 268.499968  40.079508 15.806 -100.00 -100.00 -100.00
 115   183.209 55797.97835864 12.43 268.501634  40.081819 13.538 -100.00 -100.00 -100.00
 116   183.626 55807.89400297 11.02 268.499565  40.082620 13.401 -100.00 -100.00 -100.00
 116   182.850 55807.89400356 11.93 268.501231  40.084931 17.280 -100.00 -100.00 -100.00
 117   173.265 55817.80965214 17.17 268.497336  40.082848 24.467 -100.00 -100.00 -100.00
 117   172.998 55817.80965273 15.01 268.499003  40.085159 19.360 -100.00 -100.00 -100.00
 117   183.186 55817.80965332  8.40 268.500669  40.087470  8.084 -100.00 -100.00 -100.00
 118   173.318 55827.72529750 16.67 268.497768  40.081800 21.901 -100.00 -100.00 -100.00
 118   177.029 55827.72529809 13.25 268.499435  40.084111 14.763 -100.00 -100.00 -100.00
 118   172.867 55827.72529868 14.36 268.501101  40.086422 19.763 -100.00 -100.00 -100.00
 119   200.523 55837.64093884 23.44 268.500101  40.081919 12.282 -100.00 -100.00 -100.00
 119   193.259 55837.64093943 31.33 268.501768  40.084230   -100 -100.00 -100.00 -100.00
 120   172.773 55847.55657606 16.96 268.499248  40.079004 23.962 -100.00 -100.00 -100.00
 120   172.735 55847.55657665 14.80 268.500915  40.081315 17.743 -100.00 -100.00 -100.00
 121   200.134 55857.47221168 25.54 268.499877  40.079960 13.724 -100.00 -100.00 -100.00
 121   196.784 55857.47221227 21.27 268.501544  40.082272 11.681 -100.00 -100.00 -100.00
 122   172.981 55867.38785731 15.01 268.499097  40.083699 16.672 -100.00 -100.00 -100.00
 122   178.942 55867.38785790 11.27 268.500764  40.086010 12.089 -100.00 -100.00 -100.00
 123   198.271 55877.30350975 12.30 268.497822  40.087373  6.095 -100.00 -100.00 -100.00
 123   197.883 55877.30351034  9.76 268.499489  40.089685  3.891 -100.00 -100.00 -100.00
 133   199.121 55976.45994056 24.72 268.497150  40.084732   -100 -100.00 -100.00 -100.00
 133   199.993 55976.45994115 28.38 268.498817  40.087043   -100 -100.00 -100.00 -100.00
 133   196.549 55976.45994174 27.75 268.500484  40.089355 15.554 -100.00 -100.00 -100.00
 134   199.180 55986.37557630 14.02 268.497555  40.083479  8.240 -100.00 -100.00 -100.00
 134   200.365 55986.37557689 11.74 268.499222  40.085790  7.408 -100.00 -100.00 -100.00
 134   199.264 55986.37557748  8.99 268.500888  40.088102  4.684 -100.00 -100.00 -100.00
 135   180.632 55996.29121277 13.03 268.499710  40.082421 11.689 -100.00 -100.00 -100.00
 135   176.631 55996.29121336 12.69 268.501376  40.084732 11.981 -100.00 -100.00 -100.00
 136   198.493 56006.20686386 27.49 268.498169  40.081848 21.733 -100.00 -100.00 -100.00
 136   200.230 56006.20686445 24.47 268.499836  40.084160 13.443 -100.00 -100.00 -100.00
 136   194.718 56006.20686504 27.34 268.501503  40.086471   -100 -100.00 -100.00 -100.00
 137   173.221 56016.12251177 15.36 268.499039  40.084267 16.553 -100.00 -100.00 -100.00
 137   182.060 56016.12251236  9.86 268.500706  40.086578  7.190 -100.00 -100.00 -100.00
 139   174.437 56035.95380024 12.27 268.497623  40.089461 10.017 -100.00 -100.00 -100.00
 139   174.441 56035.95380083 11.31 268.499290  40.091772  8.398 -100.00 -100.00 -100.00
 139   183.371 56035.95380143  9.29 268.500958  40.094083  5.269 -100.00 -100.00 -100.00
 141   172.752 56055.78507928 17.38 268.497343  40.087780 15.503 -100.00 -100.00 -100.00
 141   172.436 56055.78507988 16.62 268.499010  40.090091 12.297 -100.00 -100.00 -100.00
 141   172.079 56055.78508047 15.78 268.500677  40.092403 10.923 -100.00 -100.00 -100.00
 142   173.136 56065.70071272 14.41 268.497968  40.083569 17.681 -100.00 -100.00 -100.00
 142   180.730 56065.70071331 11.94 268.499634  40.085881 10.962 -100.00 -100.00 -100.00
 143   181.154 56075.61635933 11.54 268.498532  40.085766  8.846 -100.00 -100.00 -100.00
 143   182.332 56075.61635992 10.53 268.500198  40.088077  9.022 -100.00 -100.00 -100.00
 144   198.758 56085.53200881 12.26 268.496760  40.088057  4.346 -100.00 -100.00 -100.00
 144   197.901 56085.53200940 15.62 268.498427  40.090368  8.236 -100.00 -100.00 -100.00
 144   201.712 56085.53200999 23.57 268.500094  40.092679 13.320 -100.00 -100.00 -100.00
 145   196.188 56095.44765621 16.83 268.497661  40.091406 15.453 -100.00 -100.00 -100.00
 145   200.667 56095.44765680  9.18 268.499328  40.093717  6.400 -100.00 -100.00 -100.00
 145   198.171 56095.44765739 24.63 268.500995  40.096028   -100 -100.00 -100.00 -100.00
 146   182.990 56105.36330023 10.84 268.496839  40.089341  9.451 -100.00 -100.00 -100.00
 146   176.526 56105.36330082  9.74 268.498506  40.091652  8.307 -100.00 -100.00 -100.00
 146   184.062 56105.36330142  9.02 268.500173  40.093964  7.201 -100.00 -100.00 -100.00
 147   199.700 56115.27893013 12.48 268.498295  40.088106  5.847 -100.00 -100.00 -100.00
 147   197.907 56115.27893072 28.54 268.499962  40.090417 25.531 -100.00 -100.00 -100.00
 148   198.961 56125.19456719 23.08 268.498315  40.083876 31.094 -100.00 -100.00 -100.00
 148   199.927 56125.19456778 16.93 268.499981  40.086187 17.214 -100.00 -100.00 -100.00
 149   172.075 56135.11020095 16.47 268.500156  40.081940 29.767 -100.00 -100.00 -100.00
 149   199.555 56135.11020154 13.88 268.501822  40.084251 17.505 -100.00 -100.00 -100.00
 150   172.249 56145.02584213 16.75 268.499156  40.081195 29.591 -100.00 -100.00 -100.00
 150   172.079 56145.02584272 14.61 268.500822  40.083506 23.930 -100.00 -100.00 -100.00
 151   172.341 56154.94149259 20.41 268.497420  40.083332   -100 -100.00 -100.00 -100.00
 151   172.121 56154.94149318 14.56 268.499087  40.085643 20.575 -100.00 -100.00 -100.00
 151   181.484 56154.94149377  8.56 268.500754  40.087953 10.176 -100.00 -100.00 -100.00
 152   181.420 56164.85714253 13.50 268.497797  40.086920 16.176 -100.00 -100.00 -100.00
 152   171.657 56164.85714312 13.91 268.499463  40.089231 20.349 -100.00 -100.00 -100.00
 153   198.639 56174.77278931 18.80 268.496757  40.085873 20.870 -100.00 -100.00 -100.00
 153   199.203 56174.77278990 28.81 268.498424  40.088184   -100 -100.00 -100.00 -100.00
 153   196.350 56174.77279049 25.80 268.500090  40.090495 14.213 -100.00 -100.00 -100.00
 154   172.301 56184.68843105 18.19 268.497432  40.084630   -100 -100.00 -100.00 -100.00
 154   181.778 56184.68843164 11.09 268.499098  40.086941 12.241 -100.00 -100.00 -100.00
 154   182.811 56184.68843223  8.13 268.500765  40.089252  8.127 -100.00 -100.00 -100.00
 155   172.475 56194.60406917 16.37 268.498717  40.084381 23.109 -100.00 -100.00 -100.00
 155   172.009 56194.60406976 12.27 268.500384  40.086692 17.917 -100.00 -100.00 -100.00
 156   172.505 56204.51970385 15.54 268.498134  40.082985 21.665 -100.00 -100.00 -100.00
 156   172.131 56204.51970444 15.56 268.499800  40.085296 26.462 -100.00 -100.00 -100.00
 157   172.301 56214.43533700 16.92 268.498218  40.082167 23.754 -100.00 -100.00 -100.00
 157   181.496 56214.43533759  9.46 268.499884  40.084479  7.967 -100.00 -100.00 -100.00
 157   181.724 56214.43533818 12.34 268.501551  40.086790 12.119 -100.00 -100.00 -100.00
 158   181.993 56224.35097271 15.40 268.498914  40.081449 17.689 -100.00 -100.00 -100.00
 158   179.406 56224.35097330 11.87 268.500580  40.083760 10.530 -100.00 -100.00 -100.00
 159   181.517 56234.26662896 13.06 268.498414  40.084901 12.243 -100.00 -100.00 -100.00
 159   198.923 56234.26662955 14.96 268.500080  40.087212  7.813 -100.00 -100.00 -100.00
 160   198.058 56244.18228083 30.69 268.497415  40.086028   -100 -100.00 -100.00 -100.00
 160   200.169 56244.18228142 26.82 268.499081  40.088339 14.291 -100.00 -100.00 -100.00
 160   195.202 56244.18228201 30.96 268.500748  40.090650 22.615 -100.00 -100.00 -100.00
 161   182.496 56254.09792816 11.75 268.497154  40.087993  9.807 -100.00 -100.00 -100.00
 161   182.931 56254.09792875 11.22 268.498820  40.090304  9.481 -100.00 -100.00 -100.00
 161   179.169 56254.09792934  9.61 268.500487  40.092615  7.581 -100.00 -100.00 -100.00
 162   197.440 56264.01357122 19.34 268.496640  40.089141  7.521 -100.00 -100.00 -100.00
 162   196.505 56264.01357181 17.06 268.498307  40.091452  9.048 -100.00 -100.00 -100.00
 162   198.263 56264.01357240 30.82 268.499974  40.093763 18.038 -100.00 -100.00 -100.00
 164   172.610 56283.84485675 16.38 268.496827  40.088824 14.528 -100.00 -100.00 -100.00
 164   172.324 56283.84485734 16.81 268.498494  40.091136 14.570 -100.00 -100.00 -100.00
 164   175.069 56283.84485793 15.42 268.500161  40.093447 12.291 -100.00 -100.00 -100.00
 165   198.320 56293.76050848 14.49 268.497155  40.088930  6.860 -100.00 -100.00 -100.00
 165   198.417 56293.76050907 11.18 268.498822  40.091241  5.021 -100.00 -100.00 -100.00
 165   197.704 56293.76050966 10.59 268.500489  40.093552  7.077 -100.00 -100.00 -100.00
 166   183.344 56303.67615582 14.05 268.497687  40.088967  5.114 -100.00 -100.00 -100.00
 166   176.680 56303.67615641 19.10 268.499354  40.091278 15.750 -100.00 -100.00 -100.00
 166   176.646 56303.67615700 17.92 268.501021  40.093589 14.109 -100.00 -100.00 -100.00
 167   176.816 56313.59179897 16.15 268.497355  40.089316 11.116 -100.00 -100.00 -100.00
 167   183.127 56313.59179957 15.61 268.499022  40.091627 11.126 -100.00 -100.00 -100.00
 167   176.540 56313.59180016 16.00 268.500690  40.093939 13.148 -100.00 -100.00 -100.00
 168   183.359 56323.50743981 13.12 268.496586  40.089895  8.093 -100.00 -100.00 -100.00
 168   181.550 56323.50744040 11.21 268.498254  40.092206  6.387 -100.00 -100.00 -100.00
 168   177.117 56323.50744099 12.37 268.499921  40.094517  7.995 -100.00 -100.00 -100.00
 169   184.136 56333.42307979 15.17 268.496549  40.089922  7.382 -100.00 -100.00 -100.00
 169   184.818 56333.42308038 12.50 268.498216  40.092233  4.477 -100.00 -100.00 -100.00
 169   184.969 56333.42308097 12.67 268.499884  40.094544  4.346 -100.00 -100.00 -100.00
 170   179.613 56343.33871903 14.81 268.497960  40.088545 12.727 -100.00 -100.00 -100.00
 170   172.437 56343.33871962 15.48 268.499627  40.090857 13.996 -100.00 -100.00 -100.00
 171   143.978 56353.25435487 34.06 268.497592  40.082206 19.396 -100.00 -100.00 -100.00
 171   143.294 56353.25435546 35.17 268.499258  40.084517   -100 -100.00 -100.00 -100.00
 171   143.169 56353.25435605 41.96 268.500925  40.086828 20.950 -100.00 -100.00 -100.00
 172   202.086 56363.16999729 23.92 268.499325  40.082598 29.368 -100.00 -100.00 -100.00
 172   202.616 56363.16999788 17.24 268.500992  40.084909 13.934 -100.00 -100.00 -100.00
 173   200.320 56373.08564666 23.03 268.498114  40.085553 21.190 -100.00 -100.00 -100.00
 173   197.644 56373.08564725 27.77 268.499781  40.087864   -100 -100.00 -100.00 -100.00
 175   144.961 56392.91693911 35.61 268.497278  40.095032 30.624 -100.00 -100.00 -100.00
 175   144.946 56392.91693970 39.23 268.498945  40.097343   -100 -100.00 -100.00 -100.00
 176   149.094 56402.83258161 50.47 268.497107  40.093994   -100 -100.00 -100.00 -100.00
 176   149.149 56402.83258220 51.42 268.498774  40.096305   -100 -100.00 -100.00 -100.00
 177   183.653 56412.74822050 12.62 268.496388  40.089124  6.462 -100.00 -100.00 -100.00
 177   176.776 56412.74822109 12.98 268.498055  40.091436  7.454 -100.00 -100.00 -100.00
 177   182.802 56412.74822168 11.88 268.499722  40.093747  6.632 -100.00 -100.00 -100.00
 178   146.543 56422.66385460 40.16 268.497797  40.084710   -100 -100.00 -100.00 -100.00
 178   146.514 56422.66385519 36.32 268.499464  40.087022   -100 -100.00 -100.00 -100.00
 179   184.145 56432.57949668 11.11 268.497647  40.084469  7.929 -100.00 -100.00 -100.00
 179   183.938 56432.57949727  9.28 268.499314  40.086780  6.261 -100.00 -100.00 -100.00
 179   183.544 56432.57949786  8.69 268.500980  40.089091  7.111 -100.00 -100.00 -100.00
 180   173.512 56442.49514993 16.99 268.496396  40.089852  8.298 -100.00 -100.00 -100.00
 180   172.144 56442.49515052 18.08 268.498063  40.092164 10.273 -100.00 -100.00 -100.00
 180   147.963 56442.49515111 26.67 268.499730  40.094475   -100 -100.00 -100.00 -100.00
 181   147.491 56452.41080055 30.48 268.496599  40.094664 19.563 -100.00 -100.00 -100.00
 181   147.566 56452.41080114 30.18 268.498266  40.096975 19.801 -100.00 -100.00 -100.00
 182   146.432 56462.32644768 48.85 268.496999  40.094424  0.118 -100.00 -100.00 -100.00
 182   146.273 56462.32644827 50.05 268.498666  40.096735 20.058 -100.00 -100.00 -100.00
 183   147.092 56472.24209082 46.16 268.497031  40.090700   -100 -100.00 -100.00 -100.00
 183   147.080 56472.24209141 49.82 268.498698  40.093011   -100 -100.00 -100.00 -100.00
 183   146.777 56472.24209200 52.14 268.500365  40.095321 17.066 -100.00 -100.00 -100.00
 184   146.447 56482.15773059 41.60 268.497585  40.086927   -100 -100.00 -100.00 -100.00
 184   146.612 56482.15773118 46.78 268.499252  40.089238 22.242 -100.00 -100.00 -100.00
 184   146.855 56482.15773177 46.86 268.500919  40.091549   -100 -100.00 -100.00 -100.00
 185   201.639 56492.07336740 11.96 268.498392  40.085985  9.143 -100.00 -100.00 -100.00
 185   198.488 56492.07336799 14.78 268.500058  40.088296 17.255 -100.00 -100.00 -100.00
 187   144.482 56511.90463455 38.72 268.498810  40.081916 18.908 -100.00 -100.00 -100.00
 187   143.741 56511.90463514 43.98 268.500476  40.084227   -100 -100.00 -100.00 -100.00
 188   182.889 56521.82028138 12.60 268.499008  40.082262 13.448 -100.00 -100.00 -100.00
 188   198.347 56521.82028197  6.76 268.500675  40.084573  6.257 -100.00 -100.00 -100.00
 189   177.225 56531.73593483 13.10 268.499043  40.084122 14.753 -100.00 -100.00 -100.00
 189   177.410 56531.73593542  9.93 268.500709  40.086433 10.355 -100.00 -100.00 -100.00
 191   182.725 56551.56722971 11.02 268.498281  40.087343 10.146 -100.00 -100.00 -100.00
 191   183.251 56551.56723030  7.76 268.499948  40.089654  6.465 -100.00 -100.00 -100.00
 192   183.318 56561.48287294  9.49 268.497415  40.090752  7.228 -100.00 -100.00 -100.00
 192   184.329 56561.48287353  8.99 268.499082  40.093063  6.632 -100.00 -100.00 -100.00
 192   184.184 56561.48287412  8.63 268.500749  40.095374  8.627 -100.00 -100.00 -100.00
 193   143.150 56571.39851466 36.97 268.496795  40.092718   -100 -100.00 -100.00 -100.00
 193   142.838 56571.39851525 31.76 268.498462  40.095029   -100 -100.00 -100.00 -100.00
 193   143.016 56571.39851584 31.02 268.500129  40.097340   -100 -100.00 -100.00 -100.00
 194   143.861 56581.31415394 34.01 268.496230  40.090389 31.213 -100.00 -100.00 -100.00
 194   143.122 56581.31415453 38.11 268.497896  40.092700 12.551 -100.00 -100.00 -100.00
 194   143.302 56581.31415512 30.80 268.499563  40.095011   -100 -100.00 -100.00 -100.00
 195   173.124 56591.22978844 16.63 268.497298  40.084252 26.511 -100.00 -100.00 -100.00
 195   181.290 56591.22978903 12.04 268.498965  40.086563 14.104 -100.00 -100.00 -100.00
 195   182.781 56591.22978962  6.79 268.500631  40.088874  6.649 -100.00 -100.00 -100.00
 196   172.901 56601.14543703 16.86 268.498270  40.084733 26.335 -100.00 -100.00 -100.00
 196   182.225 56601.14543762 11.12 268.499937  40.087044 11.664 -100.00 -100.00 -100.00
 197   173.022 56611.06108714 13.92 268.496662  40.086143 14.222 -100.00 -100.00 -100.00
 197   182.350 56611.06108773 11.41 268.498328  40.088454 13.040 -100.00 -100.00 -100.00
 197   183.638 56611.06108832  7.01 268.499995  40.090765  7.381 -100.00 -100.00 -100.00
 198   168.338 56620.97673381 16.43 268.497668  40.091587 14.129 -100.00 -100.00 -100.00
 198   159.032 56620.97673440 18.15 268.499335  40.093898 23.160 -100.00 -100.00 -100.00
 198   175.606 56620.97673499 14.13 268.501002  40.096209 10.689 -100.00 -100.00 -100.00
 199   143.518 56630.89237631 37.62 268.496334  40.091624   -100 -100.00 -100.00 -100.00
 199   143.177 56630.89237690 38.50 268.498001  40.093936   -100 -100.00 -100.00 -100.00
 199   143.024 56630.89237749 34.63 268.499668  40.096247   -100 -100.00 -100.00 -100.00
 200   143.022 56640.80801452 30.87 268.496557  40.087959   -100 -100.00 -100.00 -100.00
 200   143.152 56640.80801511 31.64 268.498224  40.090270   -100 -100.00 -100.00 -100.00
 200   143.015 56640.80801570 31.50 268.499891  40.092581   -100 -100.00 -100.00 -100.00
 201   197.501 56650.72366169 13.67 268.497063  40.085253  7.903 -100.00 -100.00 -100.00
 201   197.410 56650.72366229 13.54 268.498730  40.087564  6.531 -100.00 -100.00 -100.00
 201   197.954 56650.72366288 12.54 268.500397  40.089876  6.451 -100.00 -100.00 -100.00
 202   176.667 56660.63931255 19.86 268.497330  40.085601 20.000 -100.00 -100.00 -100.00
 202   172.250 56660.63931314 18.32 268.498997  40.087913 15.938 -100.00 -100.00 -100.00
 202   175.635 56660.63931373 16.61 268.500665  40.090224 11.699 -100.00 -100.00 -100.00
 203   196.590 56670.55496047 10.84 268.498151  40.089258  7.674 -100.00 -100.00 -100.00
 203   198.160 56670.55496106 12.71 268.499819  40.091570  9.132 -100.00 -100.00 -100.00
 205   186.650 56690.38624851 12.78 268.496008  40.091712  5.907 -100.00 -100.00 -100.00
 205   178.919 56690.38624910 12.91 268.497675  40.094024 15.462 -100.00 -100.00 -100.00
 205   180.176 56690.38624969 14.36 268.499342  40.096335  8.898 -100.00 -100.00 -100.00
 206   176.793 56700.30188754 16.80 268.496385  40.088551  9.759 -100.00 -100.00 -100.00
 206   178.467 56700.30188813 13.53 268.498052  40.090863  6.261 -100.00 -100.00 -100.00
 206   181.342 56700.30188872 11.12 268.499719  40.093174 13.942 -100.00 -100.00 -100.00
 207   200.570 56710.21752193 20.66 268.498906  40.084732  9.141 -100.00 -100.00 -100.00
 207   195.203 56710.21752252 28.06 268.500573  40.087043 19.305 -100.00 -100.00 -100.00
 208   196.939 56720.13316310 10.79 268.497741  40.081879  5.220 -100.00 -100.00 -100.00
 208   197.277 56720.13316369 12.98 268.499407  40.084190  6.044 -100.00 -100.00 -100.00
 208   199.524 56720.13316428 25.02 268.501074  40.086501 25.840 -100.00 -100.00 -100.00
 209   144.904 56730.04881613 42.88 268.496969  40.087429 31.841 -100.00 -100.00 -100.00
 209   144.610 56730.04881672 45.97 268.498636  40.089740   -100 -100.00 -100.00 -100.00
 209   144.567 56730.04881732 51.32 268.500303  40.092051 18.941 -100.00 -100.00 -100.00
 211   144.318 56749.88011053 38.72 268.496218  40.096785   -100 -100.00 -100.00 -100.00
 211   144.240 56749.88011112 40.59 268.497885  40.099096   -100 -100.00 -100.00 -100.00
 212   172.144 56759.79574969 16.78 268.496881  40.094614  9.591 -100.00 -100.00 -100.00
 212   145.733 56759.79575028 17.72 268.498548  40.096925 10.673 -100.00 -100.00 -100.00
 213   198.898 56769.71138134 11.21 268.497286  40.086853  5.281 -100.00 -100.00 -100.00
 213   197.679 56769.71138194 13.73 268.498953  40.089164  8.482 -100.00 -100.00 -100.00
 213   199.439 56769.71138253 11.14 268.500620  40.091476  6.432 -100.00 -100.00 -100.00
 214   199.344 56779.62703197 15.11 268.496648  40.086824  5.988 -100.00 -100.00 -100.00
 214   198.289 56779.62703256 14.22 268.498315  40.089135 16.485 -100.00 -100.00 -100.00
 214   201.602 56779.62703315 15.93 268.499982  40.091446  8.035 -100.00 -100.00 -100.00
 215   145.819 56789.54268847 31.84 268.497131  40.092783   -100 -100.00 -100.00 -100.00
 215   146.057 56789.54268906 31.19 268.498799  40.095095   -100 -100.00 -100.00 -100.00
 215   145.795 56789.54268965 31.14 268.500466  40.097406   -100 -100.00 -100.00 -100.00
 216   199.040 56799.45834100 12.44 268.495701  40.097054  7.437 -100.00 -100.00 -100.00
 216   201.449 56799.45834159 12.72 268.497368  40.099365  5.315 -100.00 -100.00 -100.00
 217   186.357 56809.37398684 11.83 268.495495  40.099304 11.463 -100.00 -100.00 -100.00
 217   180.197 56809.37398743  8.96 268.497163  40.101615  8.528 -100.00 -100.00 -100.00
 219   145.702 56829.20526152 44.08 268.496371  40.089965 29.806 -100.00 -100.00 -100.00
 219   145.690 56829.20526211 47.22 268.498038  40.092276   -100 -100.00 -100.00 -100.00
 219   145.489 56829.20526270 51.39 268.499705  40.094587   -100 -100.00 -100.00 -100.00
 220   146.969 56839.12089369 30.68 268.498096  40.083633 26.411 -100.00 -100.00 -100.00
 220   147.003 56839.12089428 26.64 268.499763  40.085944 13.388 -100.00 -100.00 -100.00
 221   183.748 56849.03652513 11.85 268.498860  40.079144  7.224 -100.00 -100.00 -100.00
 221   204.643 56849.03652572  9.75 268.500526  40.081455  8.312 -100.00 -100.00 -100.00
 221   205.455 56849.03652631 21.77 268.502193  40.083766 20.398 -100.00 -100.00 -100.00
 222   173.396 56858.95218065 16.27 268.497071  40.084388 21.914 -100.00 -100.00 -100.00
 222   183.518 56858.95218124 10.22 268.498738  40.086699  8.398 -100.00 -100.00 -100.00
 222   183.523 56858.95218183  5.13 268.500404  40.089010  4.871 -100.00 -100.00 -100.00
 223   195.949 56868.86783546 21.78 268.496562  40.089992 20.611 -100.00 -100.00 -100.00
 223   197.702 56868.86783605 12.85 268.498229  40.092303 16.270 -100.00 -100.00 -100.00
 223   201.130 56868.86783665 10.10 268.499896  40.094614 12.034 -100.00 -100.00 -100.00
 224   144.015 56878.78348770 38.15 268.496794  40.093046   -100 -100.00 -100.00 -100.00
 224   143.767 56878.78348829 40.46 268.498461  40.095357   -100 -100.00 -100.00 -100.00
 224   144.028 56878.78348888 39.65 268.500128  40.097668   -100 -100.00 -100.00 -100.00
 225   143.879 56888.69913580 42.97 268.496281  40.092571   -100 -100.00 -100.00 -100.00
 225   143.769 56888.69913639 44.19 268.497948  40.094882   -100 -100.00 -100.00 -100.00
 225   143.798 56888.69913698 46.77 268.499615  40.097193   -100 -100.00 -100.00 -100.00
 226   145.133 56898.61478130 18.75 268.496414  40.092939 14.835 -100.00 -100.00 -100.00
 226   145.191 56898.61478189 18.03 268.498081  40.095250  9.801 -100.00 -100.00 -100.00
 226   144.176 56898.61478248 20.38 268.499748  40.097561 13.989 -100.00 -100.00 -100.00
 227   144.152 56908.53042470 36.18 268.496669  40.095770   -100 -100.00 -100.00 -100.00
 227   144.445 56908.53042529 37.79 268.498336  40.098081   -100 -100.00 -100.00 -100.00
 228   199.241 56918.44606590 14.19 268.496630  40.098060  5.936 -100.00 -100.00 -100.00
 228   201.376 56918.44606649 28.46 268.498298  40.100371   -100 -100.00 -100.00 -100.00
 229   143.830 56928.36170399 30.37 268.495463  40.095669 25.777 -100.00 -100.00 -100.00
 229   143.678 56928.36170458 30.65 268.497130  40.097980 23.005 -100.00 -100.00 -100.00
 229   143.639 56928.36170517 33.82 268.498797  40.100291 30.138 -100.00 -100.00 -100.00
 230   144.379 56938.27733812 46.45 268.497523  40.093009 30.280 -100.00 -100.00 -100.00
 230   144.038 56938.27733871 51.30 268.499190  40.095320   -100 -100.00 -100.00 -100.00
 231   201.416 56948.19296965 31.44 268.497166  40.084300   -100 -100.00 -100.00 -100.00
 231   200.808 56948.19297024 12.36 268.498833  40.086611  6.679 -100.00 -100.00 -100.00
 231   196.775 56948.19297083 17.60 268.500499  40.088922 20.183 -100.00 -100.00 -100.00
 232   173.182 56958.10862354 14.16 268.497893  40.087446 14.639 -100.00 -100.00 -100.00
 232   183.689 56958.10862413  7.24 268.499560  40.089757  4.856 -100.00 -100.00 -100.00
 233   198.270 56968.02427164 17.40 268.496452  40.088217  9.996 -100.00 -100.00 -100.00
 233   197.410 56968.02427223 12.23 268.498119  40.090528  7.004 -100.00 -100.00 -100.00
 233   200.829 56968.02427282 25.18 268.499785  40.092839 13.960 -100.00 -100.00 -100.00
 234   199.031 56977.93991665 15.11 268.497511  40.091537  5.974 -100.00 -100.00 -100.00
 234   197.863 56977.93991724 29.16 268.499178  40.093848 19.704 -100.00 -100.00 -100.00
 234   192.774 56977.93991783 26.02 268.500845  40.096159   -100 -100.00 -100.00 -100.00
 235   183.756 56987.85555625 11.24 268.497224  40.090273  8.172 -100.00 -100.00 -100.00
 235   198.538 56987.85555684  7.53 268.498890  40.092584  4.769 -100.00 -100.00 -100.00
 235   198.949 56987.85555743 11.83 268.500557  40.094895  7.375 -100.00 -100.00 -100.00
 236   200.422 56997.77118925 26.16 268.498259  40.085426 27.749 -100.00 -100.00 -100.00
 236   195.078 56997.77118984 10.20 268.499926  40.087737  7.111 -100.00 -100.00 -100.00
 237   173.451 57007.68683706 18.71 268.497509  40.083175 23.962 -100.00 -100.00 -100.00
 237   177.337 57007.68683765 15.43 268.499175  40.085486 15.636 -100.00 -100.00 -100.00
 237   181.697 57007.68683824 11.38 268.500842  40.087798  9.507 -100.00 -100.00 -100.00
 238   183.409 57017.60249143  9.13 268.498320  40.086476  5.596 -100.00 -100.00 -100.00
 238   183.215 57017.60249202  9.27 268.499987  40.088788  6.752 -100.00 -100.00 -100.00
 239   200.275 57027.51814197 27.28 268.498032  40.089178 21.520 -100.00 -100.00 -100.00
 239   195.501 57027.51814256 29.08 268.499700  40.091489   -100 -100.00 -100.00 -100.00
 240   183.531 57037.43379027 14.33 268.496690  40.090963  8.228 -100.00 -100.00 -100.00
 240   175.990 57037.43379087 16.00 268.498357  40.093275 11.581 -100.00 -100.00 -100.00
 240   175.728 57037.43379146 16.59 268.500024  40.095586 12.578 -100.00 -100.00 -100.00
 241   198.443 57047.34943608 15.31 268.497023  40.092676  5.868 -100.00 -100.00 -100.00
 241   200.277 57047.34943667 23.25 268.498690  40.094988 10.932 -100.00 -100.00 -100.00
 241   197.016 57047.34943726 23.14 268.500357  40.097299 11.681 -100.00 -100.00 -100.00
 242   198.256 57057.26507739 20.92 268.496982  40.090403 10.216 -100.00 -100.00 -100.00
 242   190.579 57057.26507798 27.33 268.498649  40.092715 21.033 -100.00 -100.00 -100.00
 242   189.629 57057.26507857 19.73 268.500316  40.095026   -100 -100.00 -100.00 -100.00
 243   200.088 57067.18071330 25.16 268.498326  40.087646 18.525 -100.00 -100.00 -100.00
 243   195.169 57067.18071389 24.88 268.499993  40.089957 26.862 -100.00 -100.00 -100.00
 244   198.123 57077.09634459 13.63 268.498056  40.083451  4.915 -100.00 -100.00 -100.00
 244   197.838 57077.09634518 12.48 268.499723  40.085762  6.692 -100.00 -100.00 -100.00
 245   198.913 57087.01197512 11.45 268.498260  40.080413  4.916 -100.00 -100.00 -100.00
 245   199.388 57087.01197571 15.45 268.499927  40.082724 12.921 -100.00 -100.00 -100.00
 245   199.008 57087.01197630 19.01 268.501593  40.085035 11.113 -100.00 -100.00 -100.00
 246   182.286 57096.92763537 11.81 268.496809  40.087760  7.297 -100.00 -100.00 -100.00
 246   183.492 57096.92763596 11.09 268.498476  40.090072  6.007 -100.00 -100.00 -100.00
 246   183.743 57096.92763655 10.44 268.500143  40.092383  6.395 -100.00 -100.00 -100.00
 247   143.537 57106.84329236 31.57 268.495770  40.092590 20.343 -100.00 -100.00 -100.00
 247   143.525 57106.84329295 34.19 268.497437  40.094901 30.304 -100.00 -100.00 -100.00
 247   143.598 57106.84329355 33.52 268.499105  40.097213 22.719 -100.00 -100.00 -100.00
 248   145.509 57116.75894407 21.89 268.496302  40.094314 13.507 -100.00 -100.00 -100.00
 248   145.058 57116.75894466 23.15 268.497969  40.096626 14.128 -100.00 -100.00 -100.00
 248   143.292 57116.75894525 24.90 268.499636  40.098937 18.643 -100.00 -100.00 -100.00
 249   144.106 57126.67458871 45.02 268.496200  40.092412   -100 -100.00 -100.00 -100.00
 249   144.063 57126.67458930 47.28 268.497868  40.094723  0.552 -100.00 -100.00 -100.00
 249   144.028 57126.67458989 43.49 268.499535  40.097035   -100 -100.00 -100.00 -100.00
 250   147.451 57136.59022794 18.25 268.496730  40.090782 13.149 -100.00 -100.00 -100.00
 250   146.169 57136.59022853 19.47 268.498397  40.093093 16.201 -100.00 -100.00 -100.00
 250   143.768 57136.59022912 24.62 268.500064  40.095404 31.129 -100.00 -100.00 -100.00
