#   66.000  -0.144   1.197 ;Mean Elev.(m), Avg Gradient(m/km), RMS Gradient(m/km) - SRTM1     
#   64.218   0.013   1.883 ;Mean Elev.(m), Avg Gradient(m/km), RMS Gradient(m/km) - ASTER GDEM
#   66.166  -0.171   1.346 ;Mean Elev.(m), Avg Gradient(m/km), RMS Gradient(m/km) - GMTED2010 
   1    71.446 54660.04250016 41.63 270.157637  35.747202   -100 -100.00 -100.00 -100.00
   1    71.254 54660.04250075 36.13 270.159095  35.744839 32.000 -100.00 -100.00 -100.00
   1    71.288 54660.04250134 33.80 270.160553  35.742477 24.143 -100.00 -100.00 -100.00
   2    68.940 54669.95814573 35.17 270.155562  35.746197   -100 -100.00 -100.00 -100.00
   2    69.228 54669.95814632 31.65 270.157021  35.743834 22.324 -100.00 -100.00 -100.00
   2    68.963 54669.95814691 30.65 270.158479  35.741471 22.458 -100.00 -100.00 -100.00
   3    69.462 54679.87378935 39.08 270.154286  35.747289   -100 -100.00 -100.00 -100.00
   3    69.453 54679.87378994 34.02 270.155745  35.744926 21.624 -100.00 -100.00 -100.00
   3    69.510 54679.87379053 31.55 270.157203  35.742563 14.570 -100.00 -100.00 -100.00
   4    67.985 54689.78943270 33.84 270.157079  35.746614   -100 -100.00 -100.00 -100.00
   4    67.887 54689.78943329 30.45 270.158537  35.744251 30.139 -100.00 -100.00 -100.00
   4    68.144 54689.78943388 25.16 270.159996  35.741888 14.875 -100.00 -100.00 -100.00
   5    66.760 54699.70507367 38.63 270.160240  35.747725   -100 -100.00 -100.00 -100.00
   5    65.216 54699.70507426 36.10 270.161698  35.745362   -100 -100.00 -100.00 -100.00
   5    65.299 54699.70507485 33.76 270.163157  35.742999 27.806 -100.00 -100.00 -100.00
   6    66.456 54709.62071918 27.62 270.161903  35.745536 13.579 -100.00 -100.00 -100.00
   6    66.040 54709.62071977 26.74 270.163361  35.743173 10.476 -100.00 -100.00 -100.00
   7    66.281 54719.53637004 35.23 270.156472  35.746897   -100 -100.00 -100.00 -100.00
   7    66.309 54719.53637063 27.37 270.157931  35.744534 17.969 -100.00 -100.00 -100.00
   7    66.281 54719.53637122 23.00 270.159389  35.742171  7.498 -100.00 -100.00 -100.00
   8    69.728 54729.45201898 40.80 270.152286  35.744579   -100 -100.00 -100.00 -100.00
   8    69.620 54729.45201957 40.88 270.153744  35.742216   -100 -100.00 -100.00 -100.00
   8    69.850 54729.45202016 44.97 270.155203  35.739853   -100 -100.00 -100.00 -100.00
   9    67.156 54739.36766598 40.40 270.149116  35.743687   -100 -100.00 -100.00 -100.00
   9    67.205 54739.36766657 38.91 270.150575  35.741324   -100 -100.00 -100.00 -100.00
   9    67.233 54739.36766716 44.38 270.152033  35.738962  6.686 -100.00 -100.00 -100.00
  10    65.402 54749.28331302 50.97 270.148782  35.742839  4.120 -100.00 -100.00 -100.00
  10    65.601 54749.28331362 52.92 270.150241  35.740476  4.088 -100.00 -100.00 -100.00
  10    65.428 54749.28331421 54.51 270.151699  35.738113 29.845 -100.00 -100.00 -100.00
  11    65.492 54759.19895909 42.78 270.147903  35.745246  4.586 -100.00 -100.00 -100.00
  11    65.346 54759.19895968 31.76 270.149362  35.742883 29.808 -100.00 -100.00 -100.00
  11    64.847 54759.19896027 30.17 270.150820  35.740521 24.615 -100.00 -100.00 -100.00
  11    64.308 54759.19896086 31.45 270.152279  35.738158 29.237 -100.00 -100.00 -100.00
  12    64.564 54769.11460375 40.59 270.149837  35.744191   -100 -100.00 -100.00 -100.00
  12    64.691 54769.11460434 35.11 270.151296  35.741828 30.045 -100.00 -100.00 -100.00
  12    64.866 54769.11460493 37.77 270.152754  35.739465   -100 -100.00 -100.00 -100.00
  13    65.750 54779.03024472 32.55 270.150595  35.744490   -100 -100.00 -100.00 -100.00
  13    65.783 54779.03024531 29.03 270.152054  35.742127 28.268 -100.00 -100.00 -100.00
  13    65.033 54779.03024590 27.99 270.153513  35.739764 30.118 -100.00 -100.00 -100.00
  14    64.244 54788.94588326 35.14 270.150669  35.744932   -100 -100.00 -100.00 -100.00
  14    65.889 54788.94588385 24.35 270.152128  35.742569  9.231 -100.00 -100.00 -100.00
  14    65.565 54788.94588444 25.35 270.153587  35.740206 11.436 -100.00 -100.00 -100.00
  15    64.339 54798.86152098 38.97 270.150969  35.745752   -100 -100.00 -100.00 -100.00
  15    64.741 54798.86152157 41.50 270.152428  35.743389   -100 -100.00 -100.00 -100.00
  15    64.706 54798.86152216 42.31 270.153886  35.741026   -100 -100.00 -100.00 -100.00
  17    69.094 54818.69279727 44.85 270.157785  35.746639   -100 -100.00 -100.00 -100.00
  17    69.404 54818.69279786 44.91 270.159244  35.744276   -100 -100.00 -100.00 -100.00
  17    68.892 54818.69279845 47.03 270.160702  35.741914  7.590 -100.00 -100.00 -100.00
  18    69.907 54828.60844934 49.86 270.156928  35.746753   -100 -100.00 -100.00 -100.00
  18    69.664 54828.60844993 52.09 270.158386  35.744390 12.247 -100.00 -100.00 -100.00
  18    69.634 54828.60845052 52.95 270.159845  35.742027 29.906 -100.00 -100.00 -100.00
  19    71.119 54838.52408808 30.31 270.153260  35.747574 21.175 -100.00 -100.00 -100.00
  19    71.114 54838.52408867 26.63 270.154719  35.745211 11.595 -100.00 -100.00 -100.00
  19    74.201 54838.52408926 23.78 270.156177  35.742849  7.022 -100.00 -100.00 -100.00
  19    75.565 54838.52408985 28.41 270.157635  35.740486 14.942 -100.00 -100.00 -100.00
  20    71.229 54848.43973795 35.43 270.151290  35.744362   -100 -100.00 -100.00 -100.00
  20    71.167 54848.43973854 33.61 270.152748  35.741999 29.778 -100.00 -100.00 -100.00
  20    71.654 54848.43973913 43.00 270.154207  35.739637   -100 -100.00 -100.00 -100.00
  21    66.550 54858.35538640 31.47 270.149016  35.744558   -100 -100.00 -100.00 -100.00
  21    66.415 54858.35538699 26.67 270.150474  35.742195 22.037 -100.00 -100.00 -100.00
  21    66.151 54858.35538758 28.08 270.151932  35.739833 25.314 -100.00 -100.00 -100.00
  22    69.743 54868.27103497 26.64 270.148669  35.744902 23.156 -100.00 -100.00 -100.00
  22    69.379 54868.27103556 25.38 270.150127  35.742540 17.109 -100.00 -100.00 -100.00
  22    69.493 54868.27103615 22.88 270.151585  35.740177 14.141 -100.00 -100.00 -100.00
  23    70.699 54878.18668305 43.97 270.149793  35.743857   -100 -100.00 -100.00 -100.00
  23    70.754 54878.18668364 40.69 270.151251  35.741495   -100 -100.00 -100.00 -100.00
  23    70.634 54878.18668423 41.91 270.152709  35.739132   -100 -100.00 -100.00 -100.00
  24    70.062 54888.10232744 38.00 270.149358  35.745167   -100 -100.00 -100.00 -100.00
  24    70.047 54888.10232803 37.44 270.150816  35.742804   -100 -100.00 -100.00 -100.00
  24    70.398 54888.10232862 43.47 270.152274  35.740441   -100 -100.00 -100.00 -100.00
  25    69.722 54898.01796882 31.67 270.147875  35.744525 18.989 -100.00 -100.00 -100.00
  25    69.229 54898.01796941 29.64 270.149333  35.742163 17.687 -100.00 -100.00 -100.00
  25    69.143 54898.01797000 29.48 270.150792  35.739800 15.871 -100.00 -100.00 -100.00
  26    70.823 54907.93360807 34.07 270.146761  35.742838 21.249 -100.00 -100.00 -100.00
  26    71.074 54907.93360866 31.99 270.148220  35.740475 13.479 -100.00 -100.00 -100.00
  26    70.997 54907.93360925 29.92 270.149678  35.738112  8.912 -100.00 -100.00 -100.00
  27    70.084 54917.84924578 32.96 270.146295  35.743953 16.785 -100.00 -100.00 -100.00
  27    69.906 54917.84924638 30.94 270.147753  35.741591 11.481 -100.00 -100.00 -100.00
  27    75.116 54917.84924697 29.99 270.149211  35.739228  9.947 -100.00 -100.00 -100.00
  28    72.208 54927.76488380 31.50 270.148413  35.744773 29.681 -100.00 -100.00 -100.00
  28    71.847 54927.76488439 32.71 270.149871  35.742410   -100 -100.00 -100.00 -100.00
  28    71.852 54927.76488498 30.83 270.151330  35.740047 25.018 -100.00 -100.00 -100.00
  29    72.152 54937.68052119 36.14 270.151302  35.746003 18.286 -100.00 -100.00 -100.00
  29    71.785 54937.68052178 36.49 270.152760  35.743640 23.843 -100.00 -100.00 -100.00
  29    71.604 54937.68052237 35.60 270.154219  35.741278 20.876 -100.00 -100.00 -100.00
  30    71.818 54947.59615718 35.73 270.154939  35.745727   -100 -100.00 -100.00 -100.00
  30    72.289 54947.59615777 31.64 270.156398  35.743364 21.079 -100.00 -100.00 -100.00
  30    72.220 54947.59615836 35.78 270.157856  35.741002   -100 -100.00 -100.00 -100.00
  31    72.638 54957.51179190 40.44 270.155770  35.748279   -100 -100.00 -100.00 -100.00
  31    73.646 54957.51179249 35.69 270.157229  35.745917 17.686 -100.00 -100.00 -100.00
  31    74.890 54957.51179308 33.48 270.158687  35.743555 10.790 -100.00 -100.00 -100.00
  31    75.844 54957.51179367 33.15 270.160145  35.741192  9.562 -100.00 -100.00 -100.00
  32    75.235 54967.42744086 50.40 270.154509  35.745977 20.814 -100.00 -100.00 -100.00
  32    75.288 54967.42744145 44.86 270.155967  35.743615   -100 -100.00 -100.00 -100.00
  32    75.295 54967.42744204 44.71 270.157425  35.741253   -100 -100.00 -100.00 -100.00
  33    74.598 54977.34308779 44.01 270.152146  35.747139   -100 -100.00 -100.00 -100.00
  33    74.357 54977.34308838 43.27 270.153604  35.744777   -100 -100.00 -100.00 -100.00
  33    74.503 54977.34308897 44.86 270.155062  35.742415   -100 -100.00 -100.00 -100.00
  33    74.398 54977.34308956 48.01 270.156521  35.740052  7.598 -100.00 -100.00 -100.00
  34    71.077 54987.25873516 49.91 270.152050  35.746470   -100 -100.00 -100.00 -100.00
  34    70.699 54987.25873576 52.29 270.153508  35.744108 13.204 -100.00 -100.00 -100.00
  34    70.659 54987.25873635 50.17 270.154967  35.741745  6.613 -100.00 -100.00 -100.00
  35    69.646 54997.17438259 34.37 270.152577  35.746318 23.792 -100.00 -100.00 -100.00
  35    69.542 54997.17438318 32.20 270.154035  35.743955 16.894 -100.00 -100.00 -100.00
  35    69.408 54997.17438377 31.17 270.155493  35.741592 12.474 -100.00 -100.00 -100.00
  36    71.663 55007.09002834 51.82 270.153106  35.745860   -100 -100.00 -100.00 -100.00
  36    71.526 55007.09002893 53.95 270.154564  35.743497   -100 -100.00 -100.00 -100.00
  36    71.520 55007.09002952 53.02 270.156023  35.741134   -100 -100.00 -100.00 -100.00
  37    75.196 55017.00567189 31.01 270.152937  35.745811 12.198 -100.00 -100.00 -100.00
  37    75.728 55017.00567248 30.31 270.154395  35.743449  9.873 -100.00 -100.00 -100.00
  37    75.821 55017.00567307 31.87 270.155853  35.741086 12.063 -100.00 -100.00 -100.00
  38    67.348 55026.92131396 45.66 270.152064  35.746445 28.441 -100.00 -100.00 -100.00
  38    67.363 55026.92131455 43.84 270.153523  35.744083 26.531 -100.00 -100.00 -100.00
  38    67.507 55026.92131514 33.95 270.154981  35.741720 31.319 -100.00 -100.00 -100.00
  39    67.102 55036.83695614 36.92 270.152734  35.745798   -100 -100.00 -100.00 -100.00
  39    67.197 55036.83695673 33.40 270.154192  35.743435   -100 -100.00 -100.00 -100.00
  39    67.155 55036.83695732 28.63 270.155651  35.741072 20.414 -100.00 -100.00 -100.00
  40    68.371 55046.75259722 31.03 270.154048  35.746824 30.737 -100.00 -100.00 -100.00
  40    68.460 55046.75259781 27.41 270.155507  35.744461 19.525 -100.00 -100.00 -100.00
  40    74.415 55046.75259840 23.58 270.156965  35.742098  8.933 -100.00 -100.00 -100.00
  41    67.413 55056.66823662 40.60 270.156245  35.747712   -100 -100.00 -100.00 -100.00
  41    67.213 55056.66823721 41.81 270.157704  35.745350 32.026 -100.00 -100.00 -100.00
  41    66.752 55056.66823780 45.26 270.159162  35.742987   -100 -100.00 -100.00 -100.00
  42    66.865 55066.58387368 42.72 270.157360  35.748042   -100 -100.00 -100.00 -100.00
  42    66.653 55066.58387427 42.17 270.158819  35.745679   -100 -100.00 -100.00 -100.00
  42    66.163 55066.58387487 45.30 270.160277  35.743316  8.952 -100.00 -100.00 -100.00
  43    67.060 55076.49952360 39.17 270.153394  35.747181   -100 -100.00 -100.00 -100.00
  43    67.015 55076.49952419 34.87 270.154853  35.744819   -100 -100.00 -100.00 -100.00
  43    66.697 55076.49952478 29.50 270.156311  35.742456 25.414 -100.00 -100.00 -100.00
  43    66.634 55076.49952538 24.46 270.157770  35.740093 11.039 -100.00 -100.00 -100.00
  44    65.873 55086.41517143 47.28 270.150064  35.745371   -100 -100.00 -100.00 -100.00
  44    65.756 55086.41517202 46.23 270.151522  35.743009   -100 -100.00 -100.00 -100.00
  44    65.902 55086.41517261 48.99 270.152981  35.740646   -100 -100.00 -100.00 -100.00
  45    64.893 55096.33081757 35.55 270.148864  35.743857   -100 -100.00 -100.00 -100.00
  45    65.143 55096.33081816 32.80 270.150323  35.741494 28.375 -100.00 -100.00 -100.00
  45    64.785 55096.33081876 36.07 270.151781  35.739131   -100 -100.00 -100.00 -100.00
  46    68.763 55106.24646319 19.53 270.149294  35.743506  8.707 -100.00 -100.00 -100.00
  46    68.464 55106.24646378 20.69 270.150752  35.741144 12.228 -100.00 -100.00 -100.00
  46    68.898 55106.24646437 18.00 270.152210  35.738781  7.541 -100.00 -100.00 -100.00
  47    68.922 55116.16210812 39.90 270.149500  35.744393 28.120 -100.00 -100.00 -100.00
  47    68.869 55116.16210871 41.14 270.150959  35.742030   -100 -100.00 -100.00 -100.00
  47    68.962 55116.16210930 45.32 270.152417  35.739667   -100 -100.00 -100.00 -100.00
  48    69.351 55126.07775079 49.13 270.149567  35.744790   -100 -100.00 -100.00 -100.00
  48    69.253 55126.07775138 52.37 270.151025  35.742427 22.764 -100.00 -100.00 -100.00
  48    69.302 55126.07775197 53.16 270.152484  35.740064 13.204 -100.00 -100.00 -100.00
  49    71.046 55135.99339129 34.71 270.150022  35.744204 17.181 -100.00 -100.00 -100.00
  49    70.968 55135.99339188 34.41 270.151481  35.741841 19.088 -100.00 -100.00 -100.00
  49    70.562 55135.99339247 34.46 270.152939  35.739478 18.242 -100.00 -100.00 -100.00
  50    72.043 55145.90902962 42.27 270.150170  35.745117   -100 -100.00 -100.00 -100.00
  50    71.998 55145.90903021 38.49 270.151629  35.742754   -100 -100.00 -100.00 -100.00
  50    72.211 55145.90903080 36.05 270.153088  35.740392 27.650 -100.00 -100.00 -100.00
  51    70.249 55155.82466748 34.86 270.151378  35.746548 30.871 -100.00 -100.00 -100.00
  51    70.055 55155.82466807 32.66 270.152836  35.744185 22.883 -100.00 -100.00 -100.00
  51    69.874 55155.82466866 31.78 270.154295  35.741822 20.727 -100.00 -100.00 -100.00
  51    69.583 55155.82466925 30.13 270.155753  35.739459 18.171 -100.00 -100.00 -100.00
  52    68.979 55165.74030608 32.05 270.154099  35.746411 30.725 -100.00 -100.00 -100.00
  52    69.025 55165.74030667 28.36 270.155558  35.744049 19.056 -100.00 -100.00 -100.00
  52    70.957 55165.74030726 25.11 270.157016  35.741686 11.497 -100.00 -100.00 -100.00
  53    69.531 55175.65594434 37.73 270.156733  35.747094   -100 -100.00 -100.00 -100.00
  53    69.693 55175.65594493 31.02 270.158191  35.744731 19.604 -100.00 -100.00 -100.00
  53    69.433 55175.65594552 28.64 270.159649  35.742369 16.488 -100.00 -100.00 -100.00
  54    71.529 55185.57158607 37.46 270.158014  35.747090   -100 -100.00 -100.00 -100.00
  54    71.350 55185.57158666 33.31 270.159473  35.744728 31.741 -100.00 -100.00 -100.00
  54    71.196 55185.57158725 31.49 270.160931  35.742365 25.649 -100.00 -100.00 -100.00
  55    71.920 55195.48723735 36.31 270.155234  35.746433 26.158 -100.00 -100.00 -100.00
  55    71.652 55195.48723794 35.93 270.156692  35.744071 25.077 -100.00 -100.00 -100.00
  55    71.642 55195.48723853 33.31 270.158150  35.741708 15.791 -100.00 -100.00 -100.00
  56    68.870 55205.40288735 31.29 270.152879  35.745049 21.333 -100.00 -100.00 -100.00
  56    68.925 55205.40288794 30.40 270.154337  35.742686 18.538 -100.00 -100.00 -100.00
  56    70.593 55205.40288853 27.86 270.155795  35.740324 14.606 -100.00 -100.00 -100.00
  57    67.224 55215.31853656 32.05 270.152046  35.744273 20.016 -100.00 -100.00 -100.00
  57    66.743 55215.31853715 31.91 270.153504  35.741910 20.444 -100.00 -100.00 -100.00
  57    72.524 55215.31853774 26.06 270.154962  35.739548  8.212 -100.00 -100.00 -100.00
  58    73.019 55225.23418481 38.84 270.150978  35.744877   -100 -100.00 -100.00 -100.00
  58    72.998 55225.23418540 36.47 270.152436  35.742514 29.456 -100.00 -100.00 -100.00
  58    72.899 55225.23418599 32.91 270.153894  35.740152 19.387 -100.00 -100.00 -100.00
  59    73.330 55235.14983116 39.55 270.150090  35.744604   -100 -100.00 -100.00 -100.00
  59    73.372 55235.14983175 36.10 270.151548  35.742242 17.569 -100.00 -100.00 -100.00
  59    73.659 55235.14983234 35.00 270.153006  35.739879 13.578 -100.00 -100.00 -100.00
  60    71.776 55245.06547434 34.76 270.149456  35.743757 21.333 -100.00 -100.00 -100.00
  60    71.389 55245.06547493 33.72 270.150915  35.741394 20.422 -100.00 -100.00 -100.00
  60    71.392 55245.06547552 30.60 270.152373  35.739031 11.019 -100.00 -100.00 -100.00
  61    69.814 55254.98111424 37.81 270.146886  35.744712   -100 -100.00 -100.00 -100.00
  61    69.718 55254.98111483 32.92 270.148344  35.742349 17.200 -100.00 -100.00 -100.00
  61    69.526 55254.98111542 32.51 270.149803  35.739987 17.801 -100.00 -100.00 -100.00
  61    69.255 55254.98111601 33.16 270.151261  35.737624 19.702 -100.00 -100.00 -100.00
  62    68.995 55264.89675316 32.43 270.146231  35.744353 29.957 -100.00 -100.00 -100.00
  62    68.180 55264.89675375 35.05 270.147690  35.741991   -100 -100.00 -100.00 -100.00
  62    68.243 55264.89675434 39.75 270.149148  35.739628   -100 -100.00 -100.00 -100.00
  62    68.193 55264.89675493 40.16 270.150606  35.737266  8.848 -100.00 -100.00 -100.00
  63    72.229 55274.81239144 33.31 270.147867  35.744742 26.483 -100.00 -100.00 -100.00
  63    72.167 55274.81239203 32.57 270.149325  35.742379 26.182 -100.00 -100.00 -100.00
  63    72.093 55274.81239263 29.82 270.150783  35.740017 17.488 -100.00 -100.00 -100.00
  64    73.658 55284.72802919 39.17 270.150951  35.745629 27.676 -100.00 -100.00 -100.00
  64    73.468 55284.72802978 39.55 270.152409  35.743266   -100 -100.00 -100.00 -100.00
  64    73.849 55284.72803037 36.13 270.153868  35.740904 17.947 -100.00 -100.00 -100.00
  65    72.866 55294.64366550 35.23 270.154416  35.745529 27.299 -100.00 -100.00 -100.00
  65    73.795 55294.64366609 34.46 270.155874  35.743167 22.280 -100.00 -100.00 -100.00
  65    75.625 55294.64366668 31.26 270.157332  35.740804 10.950 -100.00 -100.00 -100.00
  66    69.831 55304.55930401 38.58 270.154658  35.745929   -100 -100.00 -100.00 -100.00
  66    70.004 55304.55930460 41.00 270.156116  35.743566   -100 -100.00 -100.00 -100.00
  66    70.245 55304.55930519 41.98 270.157574  35.741204   -100 -100.00 -100.00 -100.00
  67    68.820 55314.47495155 45.12 270.151947  35.744772 19.392 -100.00 -100.00 -100.00
  67    68.852 55314.47495214 32.59 270.153406  35.742410 19.449 -100.00 -100.00 -100.00
  67    68.648 55314.47495273 30.61 270.154864  35.740047 16.635 -100.00 -100.00 -100.00
  68    74.630 55324.39059670 38.61 270.150240  35.745738   -100 -100.00 -100.00 -100.00
  68    74.588 55324.39059729 34.30 270.151698  35.743376 24.459 -100.00 -100.00 -100.00
  68    74.427 55324.39059788 33.62 270.153157  35.741013 23.427 -100.00 -100.00 -100.00
  69    74.010 55334.30624088 44.49 270.151571  35.745351   -100 -100.00 -100.00 -100.00
  69    74.024 55334.30624147 40.31 270.153030  35.742988 21.490 -100.00 -100.00 -100.00
  69    73.977 55334.30624206 44.98 270.154488  35.740626   -100 -100.00 -100.00 -100.00
  70    73.298 55344.22188463 37.88 270.152936  35.745356 29.907 -100.00 -100.00 -100.00
  70    73.341 55344.22188522 33.66 270.154394  35.742993 14.517 -100.00 -100.00 -100.00
  70    73.113 55344.22188581 33.12 270.155852  35.740631 13.829 -100.00 -100.00 -100.00
  71    70.047 55354.13752751 50.49 270.153243  35.745766   -100 -100.00 -100.00 -100.00
  71    69.917 55354.13752810 52.12 270.154701  35.743404   -100 -100.00 -100.00 -100.00
  71    69.777 55354.13752869 54.47 270.156159  35.741041 31.788 -100.00 -100.00 -100.00
  72    70.429 55364.05316848 37.87 270.153661  35.745501   -100 -100.00 -100.00 -100.00
  72    70.528 55364.05316907 32.95 270.155120  35.743138 18.994 -100.00 -100.00 -100.00
  72    75.464 55364.05316966 31.48 270.156578  35.740776 10.632 -100.00 -100.00 -100.00
  73    71.358 55373.96880754 32.39 270.153695  35.746468   -100 -100.00 -100.00 -100.00
  73    71.232 55373.96880813 26.43 270.155153  35.744106 15.324 -100.00 -100.00 -100.00
  73    71.298 55373.96880872 26.38 270.156612  35.741743 15.108 -100.00 -100.00 -100.00
  74    71.054 55383.88444557 40.40 270.154831  35.747888   -100 -100.00 -100.00 -100.00
  74    71.242 55383.88444616 39.21 270.156290  35.745525   -100 -100.00 -100.00 -100.00
  74    71.330 55383.88444675 44.22 270.157748  35.743163  2.811 -100.00 -100.00 -100.00
  74    71.751 55383.88444734 42.91 270.159207  35.740800   -100 -100.00 -100.00 -100.00
  75    70.471 55393.80008326 35.06 270.157257  35.748101   -100 -100.00 -100.00 -100.00
  75    70.370 55393.80008385 31.15 270.158715  35.745738 23.330 -100.00 -100.00 -100.00
  75    70.285 55393.80008444 27.11 270.160174  35.743376 11.556 -100.00 -100.00 -100.00
  75    74.528 55393.80008503 26.67 270.161632  35.741013  9.740 -100.00 -100.00 -100.00
  76    70.821 55403.71572108 38.64 270.160609  35.747497   -100 -100.00 -100.00 -100.00
  76    70.707 55403.71572167 31.41 270.162067  35.745134 15.551 -100.00 -100.00 -100.00
  76    70.552 55403.71572226 31.86 270.163525  35.742771 18.417 -100.00 -100.00 -100.00
  77    69.874 55413.63137260 40.76 270.156774  35.748073   -100 -100.00 -100.00 -100.00
  77    69.942 55413.63137319 37.86 270.158232  35.745711 28.216 -100.00 -100.00 -100.00
  77    69.571 55413.63137378 38.95 270.159691  35.743348   -100 -100.00 -100.00 -100.00
  77    69.547 55413.63137437 38.44 270.161149  35.740985   -100 -100.00 -100.00 -100.00
  78    69.089 55423.54702192 28.51 270.153903  35.745329   -100 -100.00 -100.00 -100.00
  78    69.111 55423.54702251 24.50 270.155362  35.742966 22.222 -100.00 -100.00 -100.00
  78    69.084 55423.54702310 20.14 270.156820  35.740604 11.423 -100.00 -100.00 -100.00
  79    69.548 55433.46266795 33.09 270.150187  35.745035 25.992 -100.00 -100.00 -100.00
  79    69.358 55433.46266854 30.58 270.151645  35.742672 17.615 -100.00 -100.00 -100.00
  79    69.218 55433.46266913 31.82 270.153104  35.740310 21.748 -100.00 -100.00 -100.00
  80    67.572 55443.37831226 48.12 270.148388  35.744736   -100 -100.00 -100.00 -100.00
  80    67.571 55443.37831285 49.45 270.149846  35.742373 13.515 -100.00 -100.00 -100.00
  80    67.628 55443.37831344 48.61 270.151305  35.740011  0.120 -100.00 -100.00 -100.00
  81    66.673 55453.29395496 50.59 270.148466  35.745540 24.757 -100.00 -100.00 -100.00
  81    67.000 55453.29395555 50.59 270.149924  35.743178   -100 -100.00 -100.00 -100.00
  81    66.877 55453.29395614 51.29 270.151383  35.740815   -100 -100.00 -100.00 -100.00
  81    66.709 55453.29395673 54.57 270.152841  35.738452   -100 -100.00 -100.00 -100.00
  82    67.354 55463.20959733 48.26 270.151457  35.744845  0.525 -100.00 -100.00 -100.00
  82    67.305 55463.20959792 49.44 270.152916  35.742482  9.865 -100.00 -100.00 -100.00
  82    67.459 55463.20959851 50.23 270.154374  35.740119   -100 -100.00 -100.00 -100.00
  83    68.278 55473.12523689 46.61 270.152513  35.746633 29.532 -100.00 -100.00 -100.00
  83    68.407 55473.12523748 34.46 270.153972  35.744270   -100 -100.00 -100.00 -100.00
  83    68.027 55473.12523807 32.87 270.155430  35.741907   -100 -100.00 -100.00 -100.00
  84    67.904 55483.04087403 42.64 270.153376  35.746407 13.867 -100.00 -100.00 -100.00
  84    67.642 55483.04087462 33.77 270.154834  35.744044   -100 -100.00 -100.00 -100.00
  84    67.663 55483.04087521 32.27 270.156293  35.741682   -100 -100.00 -100.00 -100.00
  85    67.326 55492.95650908 39.12 270.153488  35.746144   -100 -100.00 -100.00 -100.00
  85    67.254 55492.95650967 35.10 270.154947  35.743782 29.103 -100.00 -100.00 -100.00
  85    66.727 55492.95651026 36.51 270.156406  35.741419   -100 -100.00 -100.00 -100.00
  86    67.287 55502.87214262 37.47 270.154675  35.747841 30.793 -100.00 -100.00 -100.00
  86    67.031 55502.87214321 39.45 270.156134  35.745478 29.352 -100.00 -100.00 -100.00
  86    66.187 55502.87214380 42.09 270.157592  35.743115   -100 -100.00 -100.00 -100.00
  86    65.954 55502.87214439 44.30 270.159051  35.740752  9.476 -100.00 -100.00 -100.00
  87    66.917 55512.78778976 34.45 270.156066  35.746372   -100 -100.00 -100.00 -100.00
  87    66.759 55512.78779035 29.66 270.157525  35.744009   -100 -100.00 -100.00 -100.00
  87    66.664 55512.78779094 24.90 270.158984  35.741646 21.293 -100.00 -100.00 -100.00
  88    66.774 55522.70343954 34.34 270.155960  35.746934   -100 -100.00 -100.00 -100.00
  88    66.534 55522.70344013 30.32 270.157418  35.744571   -100 -100.00 -100.00 -100.00
  88    66.470 55522.70344072 25.56 270.158877  35.742208 23.584 -100.00 -100.00 -100.00
  89    68.482 55532.61908765 39.74 270.154222  35.748047   -100 -100.00 -100.00 -100.00
  89    68.450 55532.61908824 39.32 270.155680  35.745685   -100 -100.00 -100.00 -100.00
  89    68.489 55532.61908883 35.02 270.157138  35.743322 29.219 -100.00 -100.00 -100.00
  89    68.122 55532.61908942 35.29 270.158597  35.740959   -100 -100.00 -100.00 -100.00
  90    68.966 55542.53473489 28.94 270.153666  35.745166   -100 -100.00 -100.00 -100.00
  90    68.887 55542.53473548 25.62 270.155124  35.742803   -100 -100.00 -100.00 -100.00
  90    68.690 55542.53473607 22.25 270.156583  35.740441 20.969 -100.00 -100.00 -100.00
  91    67.323 55552.45037942 35.10 270.151917  35.744761   -100 -100.00 -100.00 -100.00
  91    67.205 55552.45038002 31.34 270.153375  35.742399   -100 -100.00 -100.00 -100.00
  91    67.125 55552.45038061 24.64 270.154833  35.740036 17.297 -100.00 -100.00 -100.00
  92    67.648 55562.36602245 34.00 270.151291  35.744957 19.661 -100.00 -100.00 -100.00
  92    67.731 55562.36602305 30.78 270.152749  35.742594 15.017 -100.00 -100.00 -100.00
  92    75.799 55562.36602364 28.23 270.154207  35.740231  9.494 -100.00 -100.00 -100.00
  93    69.035 55572.28166448 33.42 270.152125  35.746756   -100 -100.00 -100.00 -100.00
  93    69.181 55572.28166507 35.37 270.153583  35.744394   -100 -100.00 -100.00 -100.00
  93    69.176 55572.28166566 39.37 270.155041  35.742031  5.829 -100.00 -100.00 -100.00
  93    69.308 55572.28166625 39.04 270.156499  35.739669   -100 -100.00 -100.00 -100.00
  94    67.175 55582.19730591 36.39 270.154913  35.745564   -100 -100.00 -100.00 -100.00
  94    66.887 55582.19730650 35.29 270.156371  35.743202   -100 -100.00 -100.00 -100.00
  94    66.815 55582.19730709 31.10 270.157829  35.740839 22.443 -100.00 -100.00 -100.00
  95    67.190 55592.11294305 42.44 270.154140  35.748046   -100 -100.00 -100.00 -100.00
  95    67.000 55592.11294364 39.29 270.155599  35.745684   -100 -100.00 -100.00 -100.00
  95    65.731 55592.11294423 42.02 270.157057  35.743321   -100 -100.00 -100.00 -100.00
  95    65.600 55592.11294482 44.47 270.158516  35.740959 23.402 -100.00 -100.00 -100.00
  96    68.784 55602.02857748 42.32 270.154299  35.747953   -100 -100.00 -100.00 -100.00
  96    68.405 55602.02857807 37.76 270.155758  35.745590   -100 -100.00 -100.00 -100.00
  96    68.519 55602.02857866 35.49 270.157216  35.743227   -100 -100.00 -100.00 -100.00
  96    68.511 55602.02857925 34.49 270.158675  35.740865   -100 -100.00 -100.00 -100.00
  97    67.326 55611.94421010 35.89 270.155107  35.747530 24.301 -100.00 -100.00 -100.00
  97    66.811 55611.94421069 35.26 270.156565  35.745167 32.290 -100.00 -100.00 -100.00
  97    66.018 55611.94421128 34.52 270.158024  35.742805 26.397 -100.00 -100.00 -100.00
  98    72.779 55621.85984423 40.24 270.157203  35.747614   -100 -100.00 -100.00 -100.00
  98    72.734 55621.85984482 37.71 270.158662  35.745252 29.077 -100.00 -100.00 -100.00
  98    72.695 55621.85984541 36.53 270.160120  35.742889 20.703 -100.00 -100.00 -100.00
  99    74.857 55631.77549767 40.89 270.156188  35.746147   -100 -100.00 -100.00 -100.00
  99    74.792 55631.77549826 36.02 270.157646  35.743785 23.368 -100.00 -100.00 -100.00
  99    74.817 55631.77549885 35.78 270.159104  35.741422 23.662 -100.00 -100.00 -100.00
 100    75.758 55641.69114846 37.11 270.154865  35.747408   -100 -100.00 -100.00 -100.00
 100    75.799 55641.69114905 33.48 270.156323  35.745046 17.183 -100.00 -100.00 -100.00
 100    75.537 55641.69114964 35.69 270.157781  35.742683 28.548 -100.00 -100.00 -100.00
 101    74.381 55651.60679704 40.86 270.154550  35.746096   -100 -100.00 -100.00 -100.00
 101    74.321 55651.60679763 38.03 270.156009  35.743733 24.794 -100.00 -100.00 -100.00
 101    75.107 55651.60679823 35.04 270.157467  35.741371 14.527 -100.00 -100.00 -100.00
 102    71.900 55661.52244128 26.82 270.152085  35.745785  9.674 -100.00 -100.00 -100.00
 102    71.671 55661.52244187 27.24 270.153543  35.743423 11.944 -100.00 -100.00 -100.00
 102    71.467 55661.52244246 25.12 270.155001  35.741061  8.660 -100.00 -100.00 -100.00
 103    73.828 55671.43808204 38.19 270.149689  35.746031 28.066 -100.00 -100.00 -100.00
 103    73.589 55671.43808263 34.48 270.151147  35.743669 15.754 -100.00 -100.00 -100.00
 103    75.666 55671.43808322 31.96 270.152606  35.741307  9.590 -100.00 -100.00 -100.00
 103    75.890 55671.43808381 32.16 270.154064  35.738945  9.817 -100.00 -100.00 -100.00
 104    76.534 55681.35372151 35.74 270.150798  35.745085 22.409 -100.00 -100.00 -100.00
 104    76.324 55681.35372210 37.47 270.152256  35.742723 30.419 -100.00 -100.00 -100.00
 104    76.113 55681.35372269 34.39 270.153714  35.740360 17.287 -100.00 -100.00 -100.00
 105    78.366 55691.26935861 42.27 270.153714  35.747369   -100 -100.00 -100.00 -100.00
 105    78.330 55691.26935920 39.20 270.155172  35.745007 22.684 -100.00 -100.00 -100.00
 105    78.099 55691.26935979 40.83 270.156631  35.742644 28.496 -100.00 -100.00 -100.00
 105    77.990 55691.26936038 41.33 270.158089  35.740282   -100 -100.00 -100.00 -100.00
 106    76.544 55701.18499457 44.49 270.158636  35.747708   -100 -100.00 -100.00 -100.00
 106    76.546 55701.18499516 40.42 270.160095  35.745345 26.512 -100.00 -100.00 -100.00
 106    76.600 55701.18499575 40.39 270.161553  35.742983 25.564 -100.00 -100.00 -100.00
 107    74.302 55711.10063550 50.67 270.160961  35.746970   -100 -100.00 -100.00 -100.00
 107    74.288 55711.10063609 53.36 270.162420  35.744608  6.877 -100.00 -100.00 -100.00
 107    74.362 55711.10063668 50.12 270.163878  35.742245   -100 -100.00 -100.00 -100.00
 108    72.706 55721.01628480 40.38 270.157470  35.746759   -100 -100.00 -100.00 -100.00
 108    72.598 55721.01628539 40.21 270.158928  35.744397   -100 -100.00 -100.00 -100.00
 108    72.959 55721.01628598 41.05 270.160386  35.742034   -100 -100.00 -100.00 -100.00
 109    70.851 55730.93193204 35.70 270.154037  35.746832 23.149 -100.00 -100.00 -100.00
 109    70.976 55730.93193263 31.52 270.155495  35.744470 10.522 -100.00 -100.00 -100.00
 109    74.557 55730.93193322 29.95 270.156954  35.742107  8.432 -100.00 -100.00 -100.00
 110    72.096 55740.84757879 34.80 270.153700  35.745206 20.837 -100.00 -100.00 -100.00
 110    71.974 55740.84757938 33.22 270.155159  35.742843 16.216 -100.00 -100.00 -100.00
 110    75.071 55740.84757997 31.18 270.156617  35.740480 10.578 -100.00 -100.00 -100.00
 111    71.864 55750.76322394 35.92 270.153352  35.746105 26.553 -100.00 -100.00 -100.00
 111    71.650 55750.76322453 34.46 270.154810  35.743742 21.333 -100.00 -100.00 -100.00
 111    71.643 55750.76322512 30.15 270.156268  35.741380 10.948 -100.00 -100.00 -100.00
 112    70.227 55760.67886672 41.51 270.153428  35.747639   -100 -100.00 -100.00 -100.00
 112    70.240 55760.67886731 39.89 270.154886  35.745276   -100 -100.00 -100.00 -100.00
 112    70.119 55760.67886790 39.61 270.156345  35.742913   -100 -100.00 -100.00 -100.00
 112    70.042 55760.67886850 38.02 270.157803  35.740551 30.066 -100.00 -100.00 -100.00
 113    69.065 55770.59450746 36.24 270.155010  35.745627   -100 -100.00 -100.00 -100.00
 113    69.012 55770.59450805 36.45 270.156469  35.743265   -100 -100.00 -100.00 -100.00
 113    68.942 55770.59450864 33.52 270.157927  35.740902 24.401 -100.00 -100.00 -100.00
 114    68.893 55780.51014394 34.21 270.153698  35.746519   -100 -100.00 -100.00 -100.00
 114    68.979 55780.51014453 29.77 270.155157  35.744157 18.489 -100.00 -100.00 -100.00
 114    69.146 55780.51014512 30.18 270.156615  35.741794 20.965 -100.00 -100.00 -100.00
 115    68.389 55790.42577770 47.68 270.153465  35.747572  7.657 -100.00 -100.00 -100.00
 115    68.242 55790.42577829 47.59 270.154924  35.745209  3.340 -100.00 -100.00 -100.00
 115    68.380 55790.42577888 48.17 270.156383  35.742847  2.071 -100.00 -100.00 -100.00
 115    68.135 55790.42577947 44.60 270.157841  35.740484   -100 -100.00 -100.00 -100.00
 116    67.451 55800.34141081 44.45 270.157024  35.746661   -100 -100.00 -100.00 -100.00
 116    67.593 55800.34141140 47.51 270.158483  35.744298  5.247 -100.00 -100.00 -100.00
 116    67.554 55800.34141199 48.56 270.159941  35.741936  2.782 -100.00 -100.00 -100.00
 117    66.968 55810.25705837 40.25 270.155986  35.748081  0.126 -100.00 -100.00 -100.00
 117    66.999 55810.25705896 33.28 270.157445  35.745718 29.875 -100.00 -100.00 -100.00
 117    66.482 55810.25705955 41.64 270.158903  35.743356 15.724 -100.00 -100.00 -100.00
 117    66.481 55810.25706014 33.32 270.160362  35.740993   -100 -100.00 -100.00 -100.00
 118    67.308 55820.17270729 44.47 270.157583  35.746357   -100 -100.00 -100.00 -100.00
 118    67.594 55820.17270788 46.70 270.159042  35.743995   -100 -100.00 -100.00 -100.00
 118    67.371 55820.17270847 47.79 270.160500  35.741632   -100 -100.00 -100.00 -100.00
 119    66.904 55830.08835073 44.43 270.157031  35.748214  1.242 -100.00 -100.00 -100.00
 119    66.823 55830.08835132 38.05 270.158489  35.745851   -100 -100.00 -100.00 -100.00
 119    66.762 55830.08835191 32.71 270.159948  35.743488 28.444 -100.00 -100.00 -100.00
 119    74.113 55830.08835250 33.95 270.161406  35.741125   -100 -100.00 -100.00 -100.00
 120    66.922 55840.00399014 47.52 270.156626  35.747822   -100 -100.00 -100.00 -100.00
 120    66.523 55840.00399073 49.84 270.158085  35.745459 16.853 -100.00 -100.00 -100.00
 120    66.482 55840.00399132 50.96 270.159544  35.743097 29.479 -100.00 -100.00 -100.00
 121    67.222 55849.91962672 44.13 270.156048  35.747137 25.686 -100.00 -100.00 -100.00
 121    65.119 55849.91962731 49.57 270.157507  35.744774  3.939 -100.00 -100.00 -100.00
 121    65.358 55849.91962790 52.41 270.158966  35.742411   -100 -100.00 -100.00 -100.00
 122    66.510 55859.83526183 28.74 270.158151  35.746331   -100 -100.00 -100.00 -100.00
 122    66.434 55859.83526242 25.51 270.159610  35.743968 21.396 -100.00 -100.00 -100.00
 122    66.363 55859.83526301 22.44 270.161069  35.741605 13.898 -100.00 -100.00 -100.00
 123    66.867 55869.75091187 40.32 270.156639  35.747829   -100 -100.00 -100.00 -100.00
 123    66.575 55869.75091246 37.14 270.158098  35.745466   -100 -100.00 -100.00 -100.00
 123    66.599 55869.75091305 37.49 270.159556  35.743104   -100 -100.00 -100.00 -100.00
 133    71.775 55968.90735436 30.88 270.151494  35.744476 17.455 -100.00 -100.00 -100.00
 133    71.394 55968.90735495 29.38 270.152953  35.742113 15.433 -100.00 -100.00 -100.00
 133    72.763 55968.90735554 26.62 270.154411  35.739751 10.393 -100.00 -100.00 -100.00
 134    68.151 55978.82299078 32.65 270.152265  35.747056   -100 -100.00 -100.00 -100.00
 134    68.076 55978.82299137 32.70 270.153724  35.744693   -100 -100.00 -100.00 -100.00
 134    68.227 55978.82299196 26.17 270.155182  35.742331 13.637 -100.00 -100.00 -100.00
 134    67.895 55978.82299255 24.59 270.156640  35.739968 10.846 -100.00 -100.00 -100.00
 135    72.162 55988.73862740 20.69 270.156318  35.747050  9.416 -100.00 -100.00 -100.00
 135    72.496 55988.73862799 22.37 270.157777  35.744688 11.374 -100.00 -100.00 -100.00
 135    73.772 55988.73862858 20.31 270.159235  35.742325  8.390 -100.00 -100.00 -100.00
 136    74.537 55998.65426951 26.04 270.158499  35.746674  7.120 -100.00 -100.00 -100.00
 136    74.731 55998.65427010 25.46 270.159957  35.744311  5.666 -100.00 -100.00 -100.00
 136    74.895 55998.65427069 25.80 270.161416  35.741949  5.541 -100.00 -100.00 -100.00
 137    70.610 56008.56992035 50.94 270.154773  35.748144 19.977 -100.00 -100.00 -100.00
 137    70.671 56008.56992094 48.04 270.156231  35.745782   -100 -100.00 -100.00 -100.00
 137    70.686 56008.56992153 46.98 270.157689  35.743420   -100 -100.00 -100.00 -100.00
 137    70.701 56008.56992212 45.25 270.159148  35.741057   -100 -100.00 -100.00 -100.00
 138    69.609 56018.48556762 41.14 270.152635  35.746601   -100 -100.00 -100.00 -100.00
 138    69.398 56018.48556821 42.89 270.154093  35.744239   -100 -100.00 -100.00 -100.00
 138    69.212 56018.48556880 40.25 270.155551  35.741877   -100 -100.00 -100.00 -100.00
 139    67.487 56028.40121184 47.24 270.151175  35.744883 16.306 -100.00 -100.00 -100.00
 139    67.397 56028.40121243 48.13 270.152633  35.742520 24.055 -100.00 -100.00 -100.00
 139    67.337 56028.40121302 37.91 270.154091  35.740158   -100 -100.00 -100.00 -100.00
 141    67.135 56048.23249351 48.55 270.152309  35.747315 24.336 -100.00 -100.00 -100.00
 141    67.222 56048.23249410 35.51 270.153767  35.744953 19.296 -100.00 -100.00 -100.00
 141    66.448 56048.23249470 37.99 270.155225  35.742590   -100 -100.00 -100.00 -100.00
 141    66.332 56048.23249529 40.46 270.156683  35.740228   -100 -100.00 -100.00 -100.00
 142    70.079 56058.14813091 50.90 270.156074  35.748043  6.699 -100.00 -100.00 -100.00
 142    70.293 56058.14813150 51.25 270.157533  35.745680   -100 -100.00 -100.00 -100.00
 142    70.034 56058.14813209 51.97 270.158991  35.743318 22.499 -100.00 -100.00 -100.00
 142    70.028 56058.14813268 47.41 270.160449  35.740955   -100 -100.00 -100.00 -100.00
 143    69.138 56068.06376436 41.12 270.161439  35.747360   -100 -100.00 -100.00 -100.00
 143    68.856 56068.06376495 39.43 270.162897  35.744997   -100 -100.00 -100.00 -100.00
 143    68.639 56068.06376554 37.41 270.164355  35.742635   -100 -100.00 -100.00 -100.00
 144    67.125 56077.97941480 37.33 270.158828  35.746113 26.655 -100.00 -100.00 -100.00
 144    65.485 56077.97941539 47.34 270.160287  35.743750 21.148 -100.00 -100.00 -100.00
 144    65.539 56077.97941598 47.98 270.161745  35.741388 24.911 -100.00 -100.00 -100.00
 145    66.870 56087.89506259 40.73 270.153965  35.747981 13.398 -100.00 -100.00 -100.00
 145    66.770 56087.89506318 37.36 270.155423  35.745619   -100 -100.00 -100.00 -100.00
 145    66.754 56087.89506377 28.39 270.156882  35.743256 18.903 -100.00 -100.00 -100.00
 145    66.583 56087.89506436 26.78 270.158340  35.740893 14.961 -100.00 -100.00 -100.00
 146    66.972 56097.81070903 31.17 270.153158  35.746656 27.931 -100.00 -100.00 -100.00
 146    66.841 56097.81070962 26.73 270.154616  35.744294 16.113 -100.00 -100.00 -100.00
 146    65.007 56097.81071021 31.78 270.156075  35.741931   -100 -100.00 -100.00 -100.00
 147    66.271 56107.72635344 32.71 270.153868  35.745615 21.574 -100.00 -100.00 -100.00
 147    64.404 56107.72635403 38.46 270.155327  35.743252   -100 -100.00 -100.00 -100.00
 147    64.563 56107.72635462 40.40 270.156785  35.740889   -100 -100.00 -100.00 -100.00
 148    66.417 56117.64198297 26.88 270.153824  35.746906  9.579 -100.00 -100.00 -100.00
 148    64.767 56117.64198356 29.55 270.155282  35.744543 14.393 -100.00 -100.00 -100.00
 148    64.545 56117.64198415 34.32 270.156741  35.742181   -100 -100.00 -100.00 -100.00
 149    66.279 56127.55762064 26.67 270.154775  35.747328 22.847 -100.00 -100.00 -100.00
 149    65.934 56127.55762123 26.08 270.156234  35.744966 28.555 -100.00 -100.00 -100.00
 149    65.938 56127.55762182 19.30 270.157692  35.742603 10.305 -100.00 -100.00 -100.00
 150    66.253 56137.47325438 33.85 270.155340  35.748215 18.802 -100.00 -100.00 -100.00
 150    65.433 56137.47325497 36.55 270.156799  35.745852 28.649 -100.00 -100.00 -100.00
 150    63.396 56137.47325556 40.59 270.158258  35.743490   -100 -100.00 -100.00 -100.00
 150    63.610 56137.47325615 40.06 270.159716  35.741127   -100 -100.00 -100.00 -100.00
 151    65.681 56147.38889987 33.39 270.153760  35.747616 23.595 -100.00 -100.00 -100.00
 151    63.572 56147.38890046 36.55 270.155219  35.745254   -100 -100.00 -100.00 -100.00
 151    63.578 56147.38890105 39.69 270.156677  35.742891   -100 -100.00 -100.00 -100.00
 151    63.525 56147.38890164 40.43 270.158136  35.740528   -100 -100.00 -100.00 -100.00
 152    65.912 56157.30454875 31.22 270.152665  35.747426   -100 -100.00 -100.00 -100.00
 152    65.881 56157.30454934 24.70 270.154124  35.745064 10.964 -100.00 -100.00 -100.00
 152    65.378 56157.30454993 24.48 270.155582  35.742701 11.336 -100.00 -100.00 -100.00
 152    65.041 56157.30455052 23.12 270.157041  35.740339 10.442 -100.00 -100.00 -100.00
 153    65.540 56167.22019698 28.37 270.153534  35.746181 18.801 -100.00 -100.00 -100.00
 153    65.377 56167.22019757 25.44 270.154992  35.743818 10.152 -100.00 -100.00 -100.00
 153    64.947 56167.22019816 26.22 270.156451  35.741456 14.056 -100.00 -100.00 -100.00
 154    63.696 56177.13584226 44.03 270.153585  35.746416   -100 -100.00 -100.00 -100.00
 154    64.342 56177.13584285 42.55 270.155044  35.744053 24.405 -100.00 -100.00 -100.00
 154    64.040 56177.13584344 44.41 270.156502  35.741691   -100 -100.00 -100.00 -100.00
 155    63.013 56187.05148263 43.19 270.153374  35.747435   -100 -100.00 -100.00 -100.00
 155    63.478 56187.05148322 41.72 270.154833  35.745072 25.919 -100.00 -100.00 -100.00
 155    63.499 56187.05148381 43.84 270.156292  35.742709 29.267 -100.00 -100.00 -100.00
 155    63.329 56187.05148440 48.94 270.157750  35.740346   -100 -100.00 -100.00 -100.00
 156    65.242 56196.96711971 30.14 270.153777  35.747345   -100 -100.00 -100.00 -100.00
 156    64.997 56196.96712030 28.03 270.155236  35.744982   -100 -100.00 -100.00 -100.00
 156    64.659 56196.96712089 24.91 270.156695  35.742619 23.757 -100.00 -100.00 -100.00
 156    64.232 56196.96712148 23.52 270.158153  35.740256 19.648 -100.00 -100.00 -100.00
 157    65.370 56206.88275406 26.28 270.155352  35.747677 19.134 -100.00 -100.00 -100.00
 157    64.974 56206.88275465 22.72 270.156811  35.745314 12.089 -100.00 -100.00 -100.00
 157    65.083 56206.88275524 20.87 270.158269  35.742951  9.163 -100.00 -100.00 -100.00
 158    67.530 56216.79838747 20.81 270.159239  35.747244 11.534 -100.00 -100.00 -100.00
 158    73.422 56216.79838806 17.98 270.160698  35.744881  7.582 -100.00 -100.00 -100.00
 158    73.785 56216.79838865 16.39 270.162156  35.742518  6.417 -100.00 -100.00 -100.00
 159    64.837 56226.71402993 26.92 270.161968  35.746260 23.676 -100.00 -100.00 -100.00
 159    72.824 56226.71403052 21.28 270.163427  35.743897 10.159 -100.00 -100.00 -100.00
 160    65.387 56236.62968469 28.85 270.159284  35.747365 20.741 -100.00 -100.00 -100.00
 160    65.566 56236.62968528 27.04 270.160742  35.745002 14.728 -100.00 -100.00 -100.00
 160    65.680 56236.62968587 25.67 270.162201  35.742639 10.675 -100.00 -100.00 -100.00
 161    65.442 56246.54533580 31.24 270.156759  35.747282 21.961 -100.00 -100.00 -100.00
 161    64.715 56246.54533639 31.81 270.158218  35.744919 22.766 -100.00 -100.00 -100.00
 161    64.448 56246.54533698 33.12 270.159676  35.742557   -100 -100.00 -100.00 -100.00
 162    64.861 56256.46098202 34.35 270.155319  35.746293 26.513 -100.00 -100.00 -100.00
 162    64.188 56256.46098261 40.63 270.156778  35.743930   -100 -100.00 -100.00 -100.00
 162    63.996 56256.46098320 40.60 270.158236  35.741568   -100 -100.00 -100.00 -100.00
 163    63.547 56266.37662430 40.69 270.154815  35.746200   -100 -100.00 -100.00 -100.00
 163    63.626 56266.37662489 40.52 270.156274  35.743837   -100 -100.00 -100.00 -100.00
 163    63.442 56266.37662548 43.36 270.157732  35.741475   -100 -100.00 -100.00 -100.00
 164    67.164 56276.29226488 29.40 270.155352  35.745992 24.168 -100.00 -100.00 -100.00
 164    67.260 56276.29226547 30.03 270.156810  35.743629 30.354 -100.00 -100.00 -100.00
 164    67.001 56276.29226606 32.50 270.158269  35.741266   -100 -100.00 -100.00 -100.00
 165    67.542 56286.20791112 37.88 270.153998  35.746729   -100 -100.00 -100.00 -100.00
 165    67.362 56286.20791171 36.00 270.155456  35.744367   -100 -100.00 -100.00 -100.00
 165    67.296 56286.20791230 38.20 270.156914  35.742004   -100 -100.00 -100.00 -100.00
 166    69.292 56296.12356080 49.99 270.151958  35.746359   -100 -100.00 -100.00 -100.00
 166    69.183 56296.12356139 51.09 270.153416  35.743996   -100 -100.00 -100.00 -100.00
 166    69.050 56296.12356198 50.79 270.154874  35.741634   -100 -100.00 -100.00 -100.00
 167    74.203 56306.03920688 35.19 270.150800  35.744164 24.595 -100.00 -100.00 -100.00
 167    75.456 56306.03920747 32.35 270.152259  35.741801 16.507 -100.00 -100.00 -100.00
 167    75.613 56306.03920806 33.35 270.153717  35.739439 15.872 -100.00 -100.00 -100.00
 168    72.032 56315.95484927 34.23 270.149047  35.744771 19.732 -100.00 -100.00 -100.00
 168    71.964 56315.95484986 33.51 270.150506  35.742409 18.364 -100.00 -100.00 -100.00
 168    71.766 56315.95485045 31.94 270.151965  35.740046 14.781 -100.00 -100.00 -100.00
 169    70.095 56325.87049025 32.56 270.149261  35.745725   -100 -100.00 -100.00 -100.00
 169    70.005 56325.87049084 26.22 270.150719  35.743363 15.254 -100.00 -100.00 -100.00
 169    75.402 56325.87049143 23.30 270.152178  35.741000 11.054 -100.00 -100.00 -100.00
 169    75.677 56325.87049202 22.60 270.153636  35.738638  8.189 -100.00 -100.00 -100.00
 170    71.600 56335.78613099 34.48 270.152347  35.745382 22.237 -100.00 -100.00 -100.00
 170    71.232 56335.78613158 34.31 270.153805  35.743020 21.388 -100.00 -100.00 -100.00
 170    71.201 56335.78613217 32.63 270.155263  35.740657 17.164 -100.00 -100.00 -100.00
 171    74.747 56345.70176990 26.94 270.153965  35.747915  8.480 -100.00 -100.00 -100.00
 171    74.719 56345.70177049 27.70 270.155423  35.745552  8.840 -100.00 -100.00 -100.00
 171    74.696 56345.70177108 28.73 270.156881  35.743190 10.358 -100.00 -100.00 -100.00
 171    75.505 56345.70177167 32.19 270.158340  35.740827 18.123 -100.00 -100.00 -100.00
 172    68.889 56355.61740693 28.86 270.156033  35.748106 16.836 -100.00 -100.00 -100.00
 172    68.941 56355.61740752 26.24 270.157492  35.745743 12.436 -100.00 -100.00 -100.00
 172    68.736 56355.61740811 26.39 270.158950  35.743381 12.366 -100.00 -100.00 -100.00
 172    68.611 56355.61740870 24.80 270.160408  35.741019 10.285 -100.00 -100.00 -100.00
 173    70.658 56365.53305392 35.43 270.154767  35.745494 21.210 -100.00 -100.00 -100.00
 173    70.492 56365.53305451 34.47 270.156226  35.743131 18.705 -100.00 -100.00 -100.00
 173    70.380 56365.53305510 33.43 270.157684  35.740769 15.816 -100.00 -100.00 -100.00
 174    73.164 56375.44870284 54.04 270.151843  35.744566   -100 -100.00 -100.00 -100.00
 174    72.832 56375.44870343 53.41 270.153301  35.742204  8.158 -100.00 -100.00 -100.00
 174    72.885 56375.44870402 50.84 270.154759  35.739841  0.064 -100.00 -100.00 -100.00
 176    69.003 56395.27999189 41.05 270.151324  35.745780   -100 -100.00 -100.00 -100.00
 176    68.709 56395.27999248 37.95 270.152782  35.743418   -100 -100.00 -100.00 -100.00
 176    68.506 56395.27999307 37.67 270.154240  35.741056   -100 -100.00 -100.00 -100.00
 177    73.071 56405.19563353 51.20 270.153833  35.745761 17.528 -100.00 -100.00 -100.00
 177    73.113 56405.19563412 48.79 270.155291  35.743399   -100 -100.00 -100.00 -100.00
 177    73.141 56405.19563471 47.13 270.156749  35.741036   -100 -100.00 -100.00 -100.00
 178    74.692 56415.11127142 52.65 270.155221  35.747875  3.291 -100.00 -100.00 -100.00
 178    74.674 56415.11127201 50.28 270.156680  35.745513   -100 -100.00 -100.00 -100.00
 178    74.627 56415.11127260 51.89 270.158138  35.743150  6.335 -100.00 -100.00 -100.00
 178    74.837 56415.11127319 48.53 270.159596  35.740788   -100 -100.00 -100.00 -100.00
 179    75.159 56425.02690551 51.50 270.159393  35.746251  8.614 -100.00 -100.00 -100.00
 179    75.137 56425.02690610 50.74 270.160851  35.743888 11.803 -100.00 -100.00 -100.00
 179    75.152 56425.02690669 53.20 270.162309  35.741526 19.154 -100.00 -100.00 -100.00
 180    73.453 56434.94255245 31.95 270.156834  35.746756 17.511 -100.00 -100.00 -100.00
 180    74.504 56434.94255304 29.39 270.158292  35.744394 11.359 -100.00 -100.00 -100.00
 180    74.756 56434.94255363 29.11 270.159751  35.742031 11.424 -100.00 -100.00 -100.00
 181    74.265 56444.85820426 31.41 270.153143  35.746187  8.819 -100.00 -100.00 -100.00
 181    75.629 56444.85820485 30.32 270.154601  35.743825  7.818 -100.00 -100.00 -100.00
 181    75.971 56444.85820544 30.29 270.156059  35.741462  6.437 -100.00 -100.00 -100.00
 182    72.984 56454.77385381 34.87 270.151554  35.746103 28.882 -100.00 -100.00 -100.00
 182    72.881 56454.77385440 33.90 270.153012  35.743740 22.983 -100.00 -100.00 -100.00
 182    72.859 56454.77385499 31.62 270.154470  35.741377 15.872 -100.00 -100.00 -100.00
 183    72.406 56464.68950050 37.07 270.150439  35.746468   -100 -100.00 -100.00 -100.00
 183    71.988 56464.68950109 34.87 270.151897  35.744106 31.740 -100.00 -100.00 -100.00
 183    71.852 56464.68950168 30.56 270.153355  35.741743 20.380 -100.00 -100.00 -100.00
 183    71.677 56464.68950227 30.31 270.154813  35.739380 20.162 -100.00 -100.00 -100.00
 184    70.366 56474.60514389 50.22 270.150202  35.745745 10.618 -100.00 -100.00 -100.00
 184    70.471 56474.60514448 46.39 270.151661  35.743383   -100 -100.00 -100.00 -100.00
 184    70.258 56474.60514507 44.89 270.153119  35.741020   -100 -100.00 -100.00 -100.00
 184    70.515 56474.60514566 41.65 270.154577  35.738658   -100 -100.00 -100.00 -100.00
 185    72.775 56484.52078379 52.17 270.150240  35.745237 12.627 -100.00 -100.00 -100.00
 185    72.889 56484.52078438 52.84 270.151699  35.742874   -100 -100.00 -100.00 -100.00
 185    72.973 56484.52078497 50.06 270.153157  35.740512   -100 -100.00 -100.00 -100.00
 187    68.422 56504.35205467 36.42 270.154230  35.746436   -100 -100.00 -100.00 -100.00
 187    68.276 56504.35205527 37.73 270.155688  35.744073   -100 -100.00 -100.00 -100.00
 187    68.361 56504.35205586 30.78 270.157147  35.741711 18.616 -100.00 -100.00 -100.00
 188    66.671 56514.26768796 32.51 270.161052  35.745781 23.172 -100.00 -100.00 -100.00
 188    66.313 56514.26768855 28.92 270.162511  35.743419 14.080 -100.00 -100.00 -100.00
 189    68.651 56524.18333867 49.02 270.160073  35.746672   -100 -100.00 -100.00 -100.00
 189    68.604 56524.18333926 45.01 270.161531  35.744309   -100 -100.00 -100.00 -100.00
 189    68.298 56524.18333985 41.25 270.162990  35.741946   -100 -100.00 -100.00 -100.00
 190    66.700 56534.09898931 43.86 270.156717  35.747228   -100 -100.00 -100.00 -100.00
 190    66.544 56534.09898990 36.85 270.158176  35.744865   -100 -100.00 -100.00 -100.00
 190    66.421 56534.09899049 34.10 270.159634  35.742502   -100 -100.00 -100.00 -100.00
 192    66.344 56553.93028093 37.33 270.151514  35.745413 27.792 -100.00 -100.00 -100.00
 192    63.902 56553.93028152 42.59 270.152972  35.743050   -100 -100.00 -100.00 -100.00
 192    64.226 56553.93028211 42.71 270.154431  35.740687 30.870 -100.00 -100.00 -100.00
 193    66.230 56563.84592390 31.92 270.152620  35.744978 27.964 -100.00 -100.00 -100.00
 193    64.827 56563.84592449 37.56 270.154079  35.742615   -100 -100.00 -100.00 -100.00
 193    64.952 56563.84592508 38.75 270.155537  35.740252   -100 -100.00 -100.00 -100.00
 194    66.333 56573.76156559 29.49 270.155063  35.745945 23.850 -100.00 -100.00 -100.00
 194    66.007 56573.76156618 25.94 270.156521  35.743582 18.259 -100.00 -100.00 -100.00
 194    74.947 56573.76156677 24.68 270.157979  35.741219 14.509 -100.00 -100.00 -100.00
 195    67.091 56583.67720475 38.74 270.157593  35.747848 24.764 -100.00 -100.00 -100.00
 195    66.529 56583.67720534 35.04 270.159052  35.745485   -100 -100.00 -100.00 -100.00
 195    66.136 56583.67720593 27.71 270.160510  35.743122 26.000 -100.00 -100.00 -100.00
 196    65.991 56593.59283995 30.79 270.161654  35.747200 23.273 -100.00 -100.00 -100.00
 196    65.826 56593.59284055 25.93 270.163113  35.744837 12.321 -100.00 -100.00 -100.00
 196    65.611 56593.59284114 24.35 270.164571  35.742474  6.737 -100.00 -100.00 -100.00
 197    65.776 56603.50849242 39.47 270.156295  35.748040  6.548 -100.00 -100.00 -100.00
 197    65.846 56603.50849301 33.29 270.157753  35.745677   -100 -100.00 -100.00 -100.00
 197    65.613 56603.50849360 28.97 270.159212  35.743315 22.004 -100.00 -100.00 -100.00
 197    65.647 56603.50849419 24.39 270.160670  35.740952 11.335 -100.00 -100.00 -100.00
 198    66.116 56613.42414139 24.76 270.153448  35.746540 21.969 -100.00 -100.00 -100.00
 198    65.901 56613.42414198 22.14 270.154906  35.744177 13.051 -100.00 -100.00 -100.00
 198    65.699 56613.42414257 20.13 270.156365  35.741815 10.946 -100.00 -100.00 -100.00
 199    66.888 56623.33978616 36.38 270.153399  35.745908   -100 -100.00 -100.00 -100.00
 199    66.706 56623.33978675 33.02 270.154857  35.743545   -100 -100.00 -100.00 -100.00
 199    66.593 56623.33978734 26.17 270.156315  35.741182 18.824 -100.00 -100.00 -100.00
 200    66.856 56633.25542792 32.02 270.154515  35.745947   -100 -100.00 -100.00 -100.00
 200    66.515 56633.25542851 28.57 270.155973  35.743584   -100 -100.00 -100.00 -100.00
 200    66.177 56633.25542910 26.07 270.157431  35.741221 24.440 -100.00 -100.00 -100.00
 201    70.059 56643.17106501 24.39 270.157130  35.746472 11.910 -100.00 -100.00 -100.00
 201    74.641 56643.17106560 25.12 270.158589  35.744110 12.766 -100.00 -100.00 -100.00
 201    74.900 56643.17106619 23.15 270.160047  35.741747 10.766 -100.00 -100.00 -100.00
 202    71.048 56653.08671530 38.74 270.153392  35.747412   -100 -100.00 -100.00 -100.00
 202    71.051 56653.08671589 35.01 270.154851  35.745049 22.994 -100.00 -100.00 -100.00
 202    70.929 56653.08671648 32.75 270.156309  35.742687 17.020 -100.00 -100.00 -100.00
 202    70.670 56653.08671707 32.01 270.157767  35.740324 15.402 -100.00 -100.00 -100.00
 203    71.250 56663.00236471 27.96 270.151258  35.744724 24.860 -100.00 -100.00 -100.00
 203    71.143 56663.00236530 26.46 270.152717  35.742361 17.640 -100.00 -100.00 -100.00
 203    70.769 56663.00236589 25.48 270.154175  35.739998 17.582 -100.00 -100.00 -100.00
 204    69.654 56672.91801108 47.95 270.149076  35.744459   -100 -100.00 -100.00 -100.00
 204    69.588 56672.91801167 48.86 270.150535  35.742096   -100 -100.00 -100.00 -100.00
 204    69.099 56672.91801226 50.92 270.151993  35.739733 24.039 -100.00 -100.00 -100.00
 205    70.069 56682.83365622 25.83 270.149199  35.745292 21.386 -100.00 -100.00 -100.00
 205    69.933 56682.83365681 20.41 270.150657  35.742929 11.292 -100.00 -100.00 -100.00
 205    70.106 56682.83365741 19.72 270.152116  35.740566  7.945 -100.00 -100.00 -100.00
 206    67.500 56692.74929984 31.18 270.152141  35.745215 20.848 -100.00 -100.00 -100.00
 206    73.630 56692.74930043 26.15 270.153599  35.742853 10.591 -100.00 -100.00 -100.00
 206    75.350 56692.74930102 24.23 270.155057  35.740490  7.904 -100.00 -100.00 -100.00
 207    70.691 56702.66493910 34.69 270.155264  35.746667 30.393 -100.00 -100.00 -100.00
 207    70.782 56702.66493969 32.35 270.156722  35.744304 20.911 -100.00 -100.00 -100.00
 207    70.727 56702.66494028 30.11 270.158181  35.741942 13.456 -100.00 -100.00 -100.00
 208    69.180 56712.58057311 34.61 270.156978  35.748022   -100 -100.00 -100.00 -100.00
 208    69.020 56712.58057370 29.51 270.158437  35.745659 29.290 -100.00 -100.00 -100.00
 208    69.061 56712.58057429 27.46 270.159895  35.743297 21.368 -100.00 -100.00 -100.00
 209    71.167 56722.49622017 35.96 270.153201  35.747305   -100 -100.00 -100.00 -100.00
 209    71.099 56722.49622076 32.29 270.154659  35.744943 23.876 -100.00 -100.00 -100.00
 209    70.886 56722.49622135 32.48 270.156118  35.742581 22.776 -100.00 -100.00 -100.00
 209    70.773 56722.49622194 29.68 270.157576  35.740218 16.118 -100.00 -100.00 -100.00
 210    68.791 56732.41187178 50.47 270.150139  35.744301 31.493 -100.00 -100.00 -100.00
 210    68.737 56732.41187237 45.47 270.151597  35.741938 10.186 -100.00 -100.00 -100.00
 210    68.723 56732.41187296 41.26 270.153055  35.739576   -100 -100.00 -100.00 -100.00
 211    68.466 56742.32751936 33.87 270.149973  35.743851   -100 -100.00 -100.00 -100.00
 211    68.426 56742.32751996 34.80 270.151431  35.741488   -100 -100.00 -100.00 -100.00
 211    68.595 56742.32752055 40.03 270.152889  35.739126  0.689 -100.00 -100.00 -100.00
 212    68.650 56752.24316247 49.11 270.152688  35.744762   -100 -100.00 -100.00 -100.00
 212    68.320 56752.24316306 45.39 270.154146  35.742400   -100 -100.00 -100.00 -100.00
 212    68.533 56752.24316365 45.77 270.155604  35.740038   -100 -100.00 -100.00 -100.00
 213    73.204 56762.15879972 37.30 270.155299  35.748504 24.039 -100.00 -100.00 -100.00
 213    74.355 56762.15880031 32.58 270.156757  35.746141 12.041 -100.00 -100.00 -100.00
 213    74.953 56762.15880090 33.43 270.158215  35.743779 13.797 -100.00 -100.00 -100.00
 213    75.440 56762.15880149 35.08 270.159673  35.741416 17.350 -100.00 -100.00 -100.00
 214    69.922 56772.07443171 23.06 270.161411  35.745721  7.529 -100.00 -100.00 -100.00
 214    74.395 56772.07443230 22.40 270.162869  35.743359  6.714 -100.00 -100.00 -100.00
 215    71.963 56781.99008780 28.60 270.154406  35.746267 18.385 -100.00 -100.00 -100.00
 215    71.498 56781.99008840 27.69 270.155864  35.743905 18.011 -100.00 -100.00 -100.00
 215    71.494 56781.99008899 23.86 270.157322  35.741542 10.325 -100.00 -100.00 -100.00
 216    73.635 56791.90574173 29.11 270.149034  35.745811  8.671 -100.00 -100.00 -100.00
 216    75.171 56791.90574232 27.78 270.150493  35.743448  6.320 -100.00 -100.00 -100.00
 216    75.413 56791.90574291 29.71 270.151951  35.741086  9.912 -100.00 -100.00 -100.00
 216    75.581 56791.90574350 31.09 270.153409  35.738723 11.444 -100.00 -100.00 -100.00
 217    71.253 56801.82139384 52.33 270.147829  35.742485  9.441 -100.00 -100.00 -100.00
 217    71.349 56801.82139443 53.22 270.149287  35.740122 17.805 -100.00 -100.00 -100.00
 217    71.502 56801.82139502 51.33 270.150745  35.737760   -100 -100.00 -100.00 -100.00
 218    69.659 56811.73703762 31.89 270.147490  35.745046 25.008 -100.00 -100.00 -100.00
 218    68.701 56811.73703821 30.74 270.148949  35.742683 28.903 -100.00 -100.00 -100.00
 218    68.604 56811.73703880 27.16 270.150407  35.740321 18.802 -100.00 -100.00 -100.00
 218    68.517 56811.73703939 25.42 270.151865  35.737958 13.184 -100.00 -100.00 -100.00
 219    70.509 56821.65267827 32.71 270.150427  35.743877 11.956 -100.00 -100.00 -100.00
 219    70.444 56821.65267886 30.99 270.151885  35.741514 10.342 -100.00 -100.00 -100.00
 219    74.446 56821.65267945 28.82 270.153343  35.739152  6.411 -100.00 -100.00 -100.00
 220    69.670 56831.56831384 27.04 270.151061  35.746151  9.990 -100.00 -100.00 -100.00
 220    73.179 56831.56831443 26.54 270.152519  35.743788 10.870 -100.00 -100.00 -100.00
 220    74.321 56831.56831502 24.21 270.153978  35.741426  6.465 -100.00 -100.00 -100.00
 220    75.232 56831.56831561 23.47 270.155436  35.739063  4.991 -100.00 -100.00 -100.00
 221    70.272 56841.48394664 48.96 270.153490  35.745849 13.400 -100.00 -100.00 -100.00
 221    70.055 56841.48394723 43.36 270.154948  35.743486   -100 -100.00 -100.00 -100.00
 221    70.284 56841.48394782 44.16 270.156407  35.741124   -100 -100.00 -100.00 -100.00
 222    69.648 56851.39958412 34.63 270.154683  35.745891 26.333 -100.00 -100.00 -100.00
 222    69.634 56851.39958471 32.98 270.156142  35.743528 20.862 -100.00 -100.00 -100.00
 222    74.893 56851.39958530 32.39 270.157600  35.741166 16.952 -100.00 -100.00 -100.00
 223    69.248 56861.31523785 46.91 270.151913  35.746424  2.998 -100.00 -100.00 -100.00
 223    69.297 56861.31523844 38.76 270.153371  35.744062 30.244 -100.00 -100.00 -100.00
 223    69.344 56861.31523904 39.58 270.154829  35.741699   -100 -100.00 -100.00 -100.00
 224    67.183 56871.23089129 48.48 270.151933  35.745884 18.586 -100.00 -100.00 -100.00
 224    67.179 56871.23089188 50.57 270.153391  35.743521 22.328 -100.00 -100.00 -100.00
 224    67.173 56871.23089247 50.55 270.154850  35.741159 23.650 -100.00 -100.00 -100.00
 225    66.903 56881.14654149 47.53 270.151350  35.746619 32.624 -100.00 -100.00 -100.00
 225    67.167 56881.14654208 32.20 270.152808  35.744256 16.397 -100.00 -100.00 -100.00
 225    66.966 56881.14654267 32.12 270.154267  35.741894 17.696 -100.00 -100.00 -100.00
 225    66.373 56881.14654326 30.80 270.155725  35.739531 13.736 -100.00 -100.00 -100.00
 226    66.629 56891.06218849 40.65 270.150920  35.745105   -100 -100.00 -100.00 -100.00
 226    66.538 56891.06218908 46.19 270.152378  35.742742   -100 -100.00 -100.00 -100.00
 226    66.860 56891.06218967 46.36 270.153837  35.740379   -100 -100.00 -100.00 -100.00
 227    66.940 56900.97783226 32.25 270.148439  35.744593   -100 -100.00 -100.00 -100.00
 227    66.700 56900.97783285 29.50 270.149898  35.742230 21.699 -100.00 -100.00 -100.00
 227    66.734 56900.97783344 29.96 270.151356  35.739867 25.258 -100.00 -100.00 -100.00
 228    67.187 56910.89347453 31.18 270.147662  35.743185   -100 -100.00 -100.00 -100.00
 228    67.042 56910.89347513 30.73 270.149121  35.740822   -100 -100.00 -100.00 -100.00
 228    67.244 56910.89347572 27.26 270.150579  35.738459 25.533 -100.00 -100.00 -100.00
 229    68.712 56920.80911501 34.16 270.148687  35.744755 18.922 -100.00 -100.00 -100.00
 229    68.826 56920.80911560 33.44 270.150145  35.742392 17.228 -100.00 -100.00 -100.00
 229    68.642 56920.80911619 33.42 270.151604  35.740029 19.120 -100.00 -100.00 -100.00
 230    67.122 56930.72475394 44.41 270.153344  35.745598 13.243 -100.00 -100.00 -100.00
 230    66.956 56930.72475453 42.74 270.154802  35.743235  5.367 -100.00 -100.00 -100.00
 230    66.883 56930.72475512 30.36 270.156260  35.740872 17.684 -100.00 -100.00 -100.00
 231    68.244 56940.64038791 47.42 270.158347  35.746908  5.544 -100.00 -100.00 -100.00
 231    68.271 56940.64038850 41.95 270.159805  35.744545   -100 -100.00 -100.00 -100.00
 231    68.253 56940.64038909 39.45 270.161264  35.742182 29.386 -100.00 -100.00 -100.00
 232    70.665 56950.55602766 33.87 270.160451  35.746396 17.820 -100.00 -100.00 -100.00
 232    70.600 56950.55602825 33.22 270.161910  35.744033 16.813 -100.00 -100.00 -100.00
 232    70.493 56950.55602884 31.19 270.163368  35.741670 11.648 -100.00 -100.00 -100.00
 233    67.548 56960.47167890 41.48 270.154585  35.747445   -100 -100.00 -100.00 -100.00
 233    67.576 56960.47167950 37.27 270.156043  35.745082   -100 -100.00 -100.00 -100.00
 233    67.286 56960.47168009 37.73 270.157502  35.742720   -100 -100.00 -100.00 -100.00
 234    67.189 56970.38732598 41.23 270.152394  35.744944   -100 -100.00 -100.00 -100.00
 234    66.402 56970.38732657 47.68 270.153852  35.742581 10.632 -100.00 -100.00 -100.00
 234    66.339 56970.38732716 44.26 270.155311  35.740219   -100 -100.00 -100.00 -100.00
 235    66.887 56980.30296848 36.08 270.151986  35.745639 10.567 -100.00 -100.00 -100.00
 235    66.834 56980.30296907 31.02 270.153445  35.743276   -100 -100.00 -100.00 -100.00
 235    66.789 56980.30296966 24.78 270.154903  35.740914 17.938 -100.00 -100.00 -100.00
 236    67.010 56990.21860678 38.87 270.154785  35.746135   -100 -100.00 -100.00 -100.00
 236    66.770 56990.21860737 33.06 270.156243  35.743772   -100 -100.00 -100.00 -100.00
 236    75.166 56990.21860796 28.40 270.157701  35.741409 21.854 -100.00 -100.00 -100.00
 237    68.191 57000.13423874 48.42 270.159236  35.747363  5.988 -100.00 -100.00 -100.00
 237    68.082 57000.13423933 46.77 270.160695  35.745000 11.206 -100.00 -100.00 -100.00
 237    68.093 57000.13423992 50.97 270.162153  35.742637 12.648 -100.00 -100.00 -100.00
 238    68.210 57010.04989289 38.40 270.155997  35.746460   -100 -100.00 -100.00 -100.00
 238    68.124 57010.04989348 38.72 270.157456  35.744097   -100 -100.00 -100.00 -100.00
 238    68.015 57010.04989407 40.09 270.158914  35.741735   -100 -100.00 -100.00 -100.00
 239    67.349 57019.96554488 45.08 270.152547  35.745268   -100 -100.00 -100.00 -100.00
 239    67.307 57019.96554547 49.41 270.154005  35.742906 15.354 -100.00 -100.00 -100.00
 239    67.277 57019.96554606 49.35 270.155464  35.740543  7.657 -100.00 -100.00 -100.00
 240    68.839 57029.88119379 24.52 270.149569  35.746041 13.931 -100.00 -100.00 -100.00
 240    69.023 57029.88119438 21.17 270.151028  35.743678  9.469 -100.00 -100.00 -100.00
 240    68.850 57029.88119497 21.96 270.152487  35.741315 10.723 -100.00 -100.00 -100.00
 240    74.090 57029.88119556 19.29 270.153945  35.738953  6.089 -100.00 -100.00 -100.00
 241    67.721 57039.79684159 28.89 270.149375  35.746012 26.165 -100.00 -100.00 -100.00
 241    67.764 57039.79684218 27.49 270.150834  35.743649 20.689 -100.00 -100.00 -100.00
 241    67.674 57039.79684277 24.93 270.152292  35.741287 14.692 -100.00 -100.00 -100.00
 241    74.689 57039.79684336 21.02 270.153750  35.738924  7.235 -100.00 -100.00 -100.00
 242    67.073 57049.71248775 39.61 270.151915  35.744763 21.810 -100.00 -100.00 -100.00
 242    66.879 57049.71248834 34.19 270.153373  35.742400   -100 -100.00 -100.00 -100.00
 242    72.577 57049.71248893 26.22 270.154831  35.740037 20.995 -100.00 -100.00 -100.00
 243    67.096 57059.62812939 37.18 270.153964  35.745965   -100 -100.00 -100.00 -100.00
 243    66.914 57059.62812998 37.50 270.155422  35.743602  0.914 -100.00 -100.00 -100.00
 243    66.884 57059.62813057 29.69 270.156880  35.741239 19.633 -100.00 -100.00 -100.00
 244    67.273 57069.54376544 41.27 270.156032  35.746475 27.379 -100.00 -100.00 -100.00
 244    66.973 57069.54376603 46.51 270.157490  35.744113   -100 -100.00 -100.00 -100.00
 244    66.910 57069.54376662 49.15 270.158949  35.741750   -100 -100.00 -100.00 -100.00
 245    69.177 57079.45939699 48.21 270.157516  35.746994 31.797 -100.00 -100.00 -100.00
 245    68.654 57079.45939758 49.51 270.158974  35.744632 14.783 -100.00 -100.00 -100.00
 245    68.513 57079.45939817 45.99 270.160432  35.742270  8.913 -100.00 -100.00 -100.00
 246    70.413 57089.37503482 37.04 270.158386  35.746524 17.608 -100.00 -100.00 -100.00
 246    70.364 57089.37503541 34.42 270.159844  35.744162 12.264 -100.00 -100.00 -100.00
 246    70.265 57089.37503600 34.88 270.161302  35.741799 14.102 -100.00 -100.00 -100.00
 247    74.027 57099.29069268 38.52 270.155130  35.745604   -100 -100.00 -100.00 -100.00
 247    73.969 57099.29069327 39.56 270.156588  35.743241   -100 -100.00 -100.00 -100.00
 247    74.007 57099.29069386 45.56 270.158046  35.740879 13.520 -100.00 -100.00 -100.00
 248    74.294 57109.20634713 54.91 270.153279  35.746920 21.404 -100.00 -100.00 -100.00
 248    74.313 57109.20634772 54.21 270.154737  35.744557 21.516 -100.00 -100.00 -100.00
 248    74.282 57109.20634832 53.17 270.156195  35.742195 26.650 -100.00 -100.00 -100.00
 249    70.319 57119.12199652 40.80 270.153458  35.747579   -100 -100.00 -100.00 -100.00
 249    70.477 57119.12199711 39.82 270.154916  35.745216 31.966 -100.00 -100.00 -100.00
 249    70.567 57119.12199770 45.18 270.156375  35.742854   -100 -100.00 -100.00 -100.00
 249    70.801 57119.12199829 45.02 270.157833  35.740491   -100 -100.00 -100.00 -100.00
 250    72.760 57129.03764051 37.54 270.154234  35.745662   -100 -100.00 -100.00 -100.00
 250    72.666 57129.03764110 35.76 270.155692  35.743300 26.084 -100.00 -100.00 -100.00
 250    75.097 57129.03764169 33.00 270.157150  35.740937 16.911 -100.00 -100.00 -100.00
