#  174.146  -0.318   5.505 ;Mean Elev.(m), Avg Gradient(m/km), RMS Gradient(m/km) - SRTM1     
#    0.000   0.000   0.000 ;Mean Elev.(m), Avg Gradient(m/km), RMS Gradient(m/km) - ASTER GDEM
#  174.764  -0.367   5.563 ;Mean Elev.(m), Avg Gradient(m/km), RMS Gradient(m/km) - GMTED2010 
   1   174.391 54667.59552875 47.52 269.765295  41.785049 30.056 -100.00 -100.00 -100.00
   1   174.462 54667.59552934 44.00 269.767060  41.787335  7.892 -100.00 -100.00 -100.00
   1   174.550 54667.59552993 40.35 269.768825  41.789622   -100 -100.00 -100.00 -100.00
   2   173.952 54677.51117229 41.92 269.761283  41.782747 31.045 -100.00 -100.00 -100.00
   2   174.030 54677.51117288 35.68 269.763048  41.785033   -100 -100.00 -100.00 -100.00
   2   173.993 54677.51117347 30.09 269.764813  41.787320 31.744 -100.00 -100.00 -100.00
   2   174.079 54677.51117406 31.56 269.766579  41.789606   -100 -100.00 -100.00 -100.00
   3   167.901 54687.42681486 17.39 269.759269  41.781901  5.877 -100.00 -100.00 -100.00
   3   169.817 54687.42681545 21.79 269.761034  41.784188 12.044 -100.00 -100.00 -100.00
   3   171.706 54687.42681604 24.89 269.762799  41.786474 14.387 -100.00 -100.00 -100.00
   3   173.610 54687.42681663 27.27 269.764564  41.788761 12.129 -100.00 -100.00 -100.00
   4   173.893 54697.34245623 53.22 269.761347  41.782729   -100 -100.00 -100.00 -100.00
   4   173.942 54697.34245682 53.67 269.763111  41.785016   -100 -100.00 -100.00 -100.00
   4   174.027 54697.34245741 57.06 269.764876  41.787302 17.495 -100.00 -100.00 -100.00
   4   174.105 54697.34245800 53.43 269.766641  41.789589   -100 -100.00 -100.00 -100.00
   5   174.393 54707.25809830 45.62 269.766754  41.785420   -100 -100.00 -100.00 -100.00
   5   173.767 54707.25809889 47.55 269.768519  41.787706 15.799 -100.00 -100.00 -100.00
   5   174.113 54707.25809948 50.29 269.770284  41.789993   -100 -100.00 -100.00 -100.00
   6   173.700 54717.17374978 36.34 269.765915  41.784228  6.960 -100.00 -100.00 -100.00
   6   173.732 54717.17375037 37.40 269.767680  41.786514  8.008 -100.00 -100.00 -100.00
   6   173.845 54717.17375096 26.51 269.769445  41.788800 15.116 -100.00 -100.00 -100.00
   6   173.848 54717.17375155 33.83 269.771211  41.791087   -100 -100.00 -100.00 -100.00
   7   174.071 54727.08939931 48.09 269.765993  41.784939   -100 -100.00 -100.00 -100.00
   7   173.821 54727.08939990 47.39 269.767758  41.787225  1.432 -100.00 -100.00 -100.00
   7   173.875 54727.08940049 49.80 269.769524  41.789511  8.068 -100.00 -100.00 -100.00
   7   173.865 54727.08940108 52.12 269.771289  41.791797 17.884 -100.00 -100.00 -100.00
   8   173.763 54737.00504659 35.97 269.761983  41.783481 24.854 -100.00 -100.00 -100.00
   8   173.771 54737.00504718 41.40 269.763748  41.785768   -100 -100.00 -100.00 -100.00
   8   173.809 54737.00504777 34.97 269.765514  41.788054 19.476 -100.00 -100.00 -100.00
   8   173.856 54737.00504837 34.43 269.767279  41.790340 17.854 -100.00 -100.00 -100.00
   9   173.601 54746.92069308 36.92 269.755627  41.780484   -100 -100.00 -100.00 -100.00
   9   173.528 54746.92069367 33.95 269.757392  41.782770   -100 -100.00 -100.00 -100.00
   9   176.586 54746.92069426 34.11 269.759157  41.785056 31.049 -100.00 -100.00 -100.00
   9   173.791 54746.92069485 33.92 269.760923  41.787343 25.329 -100.00 -100.00 -100.00
   9   173.749 54746.92069544 35.97 269.762688  41.789629   -100 -100.00 -100.00 -100.00
  10   173.637 54756.83633913 36.05 269.749998  41.776685 22.983 -100.00 -100.00 -100.00
  10   173.707 54756.83633972 34.11 269.751763  41.778972 24.498 -100.00 -100.00 -100.00
  10   173.705 54756.83634031 37.06 269.753528  41.781259   -100 -100.00 -100.00 -100.00
  10   174.115 54756.83634090 43.00 269.755293  41.783545   -100 -100.00 -100.00 -100.00
  10   174.520 54756.83634149 41.64 269.757058  41.785832 27.183 -100.00 -100.00 -100.00
  11   173.719 54766.75198503 28.90 269.752034  41.778155 27.238 -100.00 -100.00 -100.00
  11   173.851 54766.75198562 32.33 269.753799  41.780442   -100 -100.00 -100.00 -100.00
  11   173.930 54766.75198621 31.73 269.755564  41.782728   -100 -100.00 -100.00 -100.00
  11   173.703 54766.75198680 34.47 269.757330  41.785015   -100 -100.00 -100.00 -100.00
  11   173.884 54766.75198739 31.22 269.759095  41.787302 32.420 -100.00 -100.00 -100.00
  12   173.785 54776.66762857 35.67 269.758641  41.781941   -100 -100.00 -100.00 -100.00
  12   173.887 54776.66762916 34.85 269.760406  41.784228   -100 -100.00 -100.00 -100.00
  12   173.749 54776.66762975 31.14 269.762172  41.786514   -100 -100.00 -100.00 -100.00
  12   173.642 54776.66763034 30.63 269.763937  41.788801   -100 -100.00 -100.00 -100.00
  13   173.780 54786.58326893 42.04 269.762885  41.783413 27.541 -100.00 -100.00 -100.00
  13   173.845 54786.58326953 30.54 269.764651  41.785700   -100 -100.00 -100.00 -100.00
  13   173.804 54786.58327012 33.30 269.766416  41.787986   -100 -100.00 -100.00 -100.00
  13   173.907 54786.58327071 32.42 269.768182  41.790273   -100 -100.00 -100.00 -100.00
  14   174.436 54796.49890781 47.85 269.765236  41.785223 30.280 -100.00 -100.00 -100.00
  14   173.778 54796.49890840 52.20 269.767002  41.787509 29.307 -100.00 -100.00 -100.00
  14   173.768 54796.49890899 56.27 269.768768  41.789796   -100 -100.00 -100.00 -100.00
  17   173.790 54826.24582998 28.23 269.764051  41.783785 20.687 -100.00 -100.00 -100.00
  17   173.843 54826.24583057 33.39 269.765816  41.786072   -100 -100.00 -100.00 -100.00
  17   173.928 54826.24583116 31.70 269.767582  41.788359 32.638 -100.00 -100.00 -100.00
  17   174.082 54826.24583175 35.24 269.769347  41.790645   -100 -100.00 -100.00 -100.00
  18   173.715 54836.16146871 39.88 269.760759  41.783011   -100 -100.00 -100.00 -100.00
  18   173.859 54836.16146930 39.65 269.762525  41.785298   -100 -100.00 -100.00 -100.00
  18   173.923 54836.16146989 37.97 269.764290  41.787584   -100 -100.00 -100.00 -100.00
  18   173.647 54836.16147048 40.20 269.766055  41.789871   -100 -100.00 -100.00 -100.00
  19   173.867 54846.07711720 35.11 269.754755  41.780279   -100 -100.00 -100.00 -100.00
  19   173.629 54846.07711779 36.78 269.756521  41.782566   -100 -100.00 -100.00 -100.00
  19   173.724 54846.07711838 38.95 269.758286  41.784852   -100 -100.00 -100.00 -100.00
  19   173.908 54846.07711897 39.58 269.760051  41.787139   -100 -100.00 -100.00 -100.00
  20   173.986 54855.99276529 38.67 269.749523  41.777648   -100 -100.00 -100.00 -100.00
  20   173.759 54855.99276588 39.90 269.751288  41.779935   -100 -100.00 -100.00 -100.00
  20   173.870 54855.99276647 41.10 269.753053  41.782222 12.513 -100.00 -100.00 -100.00
  20   174.154 54855.99276706 42.96 269.754818  41.784509   -100 -100.00 -100.00 -100.00
  20   174.269 54855.99276765 42.87 269.756584  41.786795   -100 -100.00 -100.00 -100.00
  21   173.850 54865.90841365 35.25 269.745619  41.775600   -100 -100.00 -100.00 -100.00
  21   173.609 54865.90841424 38.54 269.747384  41.777887   -100 -100.00 -100.00 -100.00
  21   173.718 54865.90841484 40.01 269.749149  41.780174 13.633 -100.00 -100.00 -100.00
  22   174.167 54875.82406210 46.23 269.744649  41.774779 16.684 -100.00 -100.00 -100.00
  22   174.447 54875.82406269 48.14 269.746413  41.777066   -100 -100.00 -100.00 -100.00
  22   174.502 54875.82406329 51.14 269.748178  41.779353   -100 -100.00 -100.00 -100.00
  23   173.777 54885.73970824 43.99 269.747065  41.775458  9.652 -100.00 -100.00 -100.00
  23   174.168 54885.73970883 45.12 269.748830  41.777746   -100 -100.00 -100.00 -100.00
  23   174.104 54885.73970942 47.16 269.750595  41.780033   -100 -100.00 -100.00 -100.00
  23   173.797 54885.73971001 51.15 269.752360  41.782320 15.150 -100.00 -100.00 -100.00
  23   173.788 54885.73971060 52.32 269.754125  41.784607   -100 -100.00 -100.00 -100.00
  24   173.754 54895.65535135 31.77 269.751061  41.777918 23.488 -100.00 -100.00 -100.00
  24   173.864 54895.65535194 30.41 269.752826  41.780205 16.413 -100.00 -100.00 -100.00
  24   173.756 54895.65535253 31.60 269.754591  41.782492 24.147 -100.00 -100.00 -100.00
  24   173.902 54895.65535312 30.28 269.756357  41.784779 16.357 -100.00 -100.00 -100.00
  24   173.900 54895.65535371 30.94 269.758122  41.787066 18.076 -100.00 -100.00 -100.00
  25   174.101 54905.57099085 48.22 269.751994  41.777739 18.986 -100.00 -100.00 -100.00
  25   174.130 54905.57099144 49.34 269.753759  41.780026 27.110 -100.00 -100.00 -100.00
  25   174.173 54905.57099203 51.31 269.755524  41.782313   -100 -100.00 -100.00 -100.00
  25   174.228 54905.57099262 50.71 269.757290  41.784600 24.013 -100.00 -100.00 -100.00
  25   174.289 54905.57099321 52.12 269.759056  41.786887 13.127 -100.00 -100.00 -100.00
  26   174.316 54915.48662959 34.98 269.754336  41.780054   -100 -100.00 -100.00 -100.00
  26   174.379 54915.48663018 33.66 269.756101  41.782341   -100 -100.00 -100.00 -100.00
  26   177.028 54915.48663077 29.03 269.757867  41.784627 15.086 -100.00 -100.00 -100.00
  26   176.887 54915.48663136 28.26 269.759633  41.786914 15.316 -100.00 -100.00 -100.00
  26   174.888 54915.48663195 32.29 269.761398  41.789201 26.146 -100.00 -100.00 -100.00
  27   174.844 54925.40226712 40.18 269.754321  41.779360   -100 -100.00 -100.00 -100.00
  27   174.882 54925.40226771 38.75 269.756087  41.781647   -100 -100.00 -100.00 -100.00
  27   174.907 54925.40226830 39.34 269.757852  41.783934   -100 -100.00 -100.00 -100.00
  27   174.850 54925.40226889 40.75 269.759618  41.786221   -100 -100.00 -100.00 -100.00
  27   174.852 54925.40226948 40.68 269.761383  41.788507   -100 -100.00 -100.00 -100.00
  28   174.981 54935.31790461 32.34 269.757537  41.780810 30.179 -100.00 -100.00 -100.00
  28   174.688 54935.31790520 35.00 269.759302  41.783097   -100 -100.00 -100.00 -100.00
  28   174.835 54935.31790579 38.16 269.761068  41.785383   -100 -100.00 -100.00 -100.00
  28   175.142 54935.31790638 39.98 269.762833  41.787670   -100 -100.00 -100.00 -100.00
  28   175.215 54935.31790697 39.93 269.764599  41.789957   -100 -100.00 -100.00 -100.00
  29   174.573 54945.23354084 52.14 269.764419  41.784071  9.829 -100.00 -100.00 -100.00
  29   174.434 54945.23354143 54.34 269.766184  41.786357   -100 -100.00 -100.00 -100.00
  29   174.469 54945.23354202 57.30 269.767950  41.788644   -100 -100.00 -100.00 -100.00
  29   174.508 54945.23354261 57.37 269.769715  41.790931   -100 -100.00 -100.00 -100.00
  30   175.025 54955.14917596 50.05 269.776359  41.791758   -100 -100.00 -100.00 -100.00
  30   175.051 54955.14917655 51.02 269.778125  41.794045   -100 -100.00 -100.00 -100.00
  30   175.069 54955.14917714 53.55 269.779891  41.796331   -100 -100.00 -100.00 -100.00
  31   177.770 54965.06482209 28.97 269.774122  41.789367 15.517 -100.00 -100.00 -100.00
  31   174.385 54965.06482268 32.01 269.775888  41.791654 23.882 -100.00 -100.00 -100.00
  31   174.279 54965.06482327 36.18 269.777654  41.793940   -100 -100.00 -100.00 -100.00
  32   174.245 54974.98046914 32.75 269.768985  41.786358 25.156 -100.00 -100.00 -100.00
  32   174.117 54974.98046973 33.67 269.770750  41.788644 29.754 -100.00 -100.00 -100.00
  32   173.965 54974.98047032 35.36 269.772516  41.790931   -100 -100.00 -100.00 -100.00
  32   174.277 54974.98047091 36.39 269.774282  41.793217 32.542 -100.00 -100.00 -100.00
  33   174.059 54984.89611630 38.92 269.764410  41.784606   -100 -100.00 -100.00 -100.00
  33   174.141 54984.89611689 37.85 269.766175  41.786893   -100 -100.00 -100.00 -100.00
  33   174.190 54984.89611748 42.78 269.767941  41.789179   -100 -100.00 -100.00 -100.00
  33   174.438 54984.89611807 41.95 269.769706  41.791466   -100 -100.00 -100.00 -100.00
  34   174.127 54994.81176335 36.48 269.760666  41.782102   -100 -100.00 -100.00 -100.00
  34   174.288 54994.81176394 33.75 269.762431  41.784389 30.025 -100.00 -100.00 -100.00
  34   174.074 54994.81176453 29.49 269.764197  41.786675 17.014 -100.00 -100.00 -100.00
  34   173.944 54994.81176512 30.28 269.765962  41.788962 21.246 -100.00 -100.00 -100.00
  35   174.184 55004.72740974 34.23 269.759565  41.782196 29.675 -100.00 -100.00 -100.00
  35   174.212 55004.72741033 36.16 269.761330  41.784483   -100 -100.00 -100.00 -100.00
  35   174.252 55004.72741092 34.35 269.763095  41.786770 28.967 -100.00 -100.00 -100.00
  35   174.315 55004.72741151 32.30 269.764860  41.789056 20.870 -100.00 -100.00 -100.00
  36   173.717 55014.64305322 36.96 269.756423  41.779739   -100 -100.00 -100.00 -100.00
  36   173.841 55014.64305381 33.84 269.758188  41.782026   -100 -100.00 -100.00 -100.00
  36   173.899 55014.64305440 33.40 269.759953  41.784312   -100 -100.00 -100.00 -100.00
  36   173.949 55014.64305499 33.19 269.761718  41.786599   -100 -100.00 -100.00 -100.00
  36   173.951 55014.64305558 32.73 269.763484  41.788886 31.539 -100.00 -100.00 -100.00
  37   173.861 55024.55869596 41.79 269.755572  41.780223   -100 -100.00 -100.00 -100.00
  37   173.888 55024.55869655 43.73 269.757337  41.782509   -100 -100.00 -100.00 -100.00
  37   173.624 55024.55869714 43.43 269.759102  41.784796   -100 -100.00 -100.00 -100.00
  37   173.679 55024.55869773 43.27 269.760867  41.787083   -100 -100.00 -100.00 -100.00
  37   173.725 55024.55869832 42.06 269.762633  41.789369   -100 -100.00 -100.00 -100.00
  38   174.067 55034.47433748 46.99 269.753107  41.778764   -100 -100.00 -100.00 -100.00
  38   173.739 55034.47433807 48.03 269.754871  41.781051 21.956 -100.00 -100.00 -100.00
  38   173.843 55034.47433866 46.75 269.756636  41.783337 21.174 -100.00 -100.00 -100.00
  38   173.886 55034.47433925 46.26 269.758401  41.785624 10.468 -100.00 -100.00 -100.00
  38   173.963 55034.47433984 42.55 269.760167  41.787911   -100 -100.00 -100.00 -100.00
  39   173.894 55044.38997919 36.41 269.755235  41.780360   -100 -100.00 -100.00 -100.00
  39   173.521 55044.38997978 35.26 269.757000  41.782646   -100 -100.00 -100.00 -100.00
  39   173.596 55044.38998037 33.71 269.758765  41.784933   -100 -100.00 -100.00 -100.00
  39   173.570 55044.38998096 35.71 269.760530  41.787220   -100 -100.00 -100.00 -100.00
  39   173.611 55044.38998155 33.31 269.762295  41.789506 31.287 -100.00 -100.00 -100.00
  40   174.049 55054.30561965 46.16 269.761111  41.782667   -100 -100.00 -100.00 -100.00
  40   174.084 55054.30562024 43.47 269.762876  41.784953 31.951 -100.00 -100.00 -100.00
  40   174.137 55054.30562083 43.02 269.764641  41.787240 22.381 -100.00 -100.00 -100.00
  40   174.175 55054.30562142 45.35 269.766406  41.789526 23.353 -100.00 -100.00 -100.00
  41   174.094 55064.22125801 32.40 269.767927  41.785068   -100 -100.00 -100.00 -100.00
  41   175.742 55064.22125860 26.32 269.769693  41.787355 20.984 -100.00 -100.00 -100.00
  41   173.810 55064.22125919 30.83 269.771458  41.789641   -100 -100.00 -100.00 -100.00
  41   174.055 55064.22125978 33.04 269.773223  41.791927   -100 -100.00 -100.00 -100.00
  42   174.250 55074.13690403 50.39 269.767003  41.784221 23.501 -100.00 -100.00 -100.00
  42   174.335 55074.13690462 50.12 269.768768  41.786507  2.318 -100.00 -100.00 -100.00
  42   174.404 55074.13690521 53.99 269.770533  41.788794  3.608 -100.00 -100.00 -100.00
  42   174.462 55074.13690580 54.25 269.772299  41.791080   -100 -100.00 -100.00 -100.00
  43   173.679 55084.05255189 50.44 269.764258  41.784728   -100 -100.00 -100.00 -100.00
  43   173.737 55084.05255248 44.23 269.766024  41.787015   -100 -100.00 -100.00 -100.00
  43   173.812 55084.05255307 50.33 269.767789  41.789301 16.115 -100.00 -100.00 -100.00
  44   173.605 55093.96819741 34.74 269.758339  41.781574   -100 -100.00 -100.00 -100.00
  44   173.659 55093.96819800 31.84 269.760104  41.783861 25.513 -100.00 -100.00 -100.00
  44   173.667 55093.96819859 36.22 269.761869  41.786147   -100 -100.00 -100.00 -100.00
  44   173.719 55093.96819918 33.00 269.763634  41.788434 30.737 -100.00 -100.00 -100.00
  45   173.661 55103.88384351 33.74 269.755520  41.780205   -100 -100.00 -100.00 -100.00
  45   173.410 55103.88384411 36.22 269.757285  41.782492   -100 -100.00 -100.00 -100.00
  45   173.815 55103.88384470 37.69 269.759050  41.784778   -100 -100.00 -100.00 -100.00
  45   173.676 55103.88384529 37.84 269.760816  41.787065   -100 -100.00 -100.00 -100.00
  45   173.510 55103.88384588 38.64 269.762581  41.789351   -100 -100.00 -100.00 -100.00
  46   173.677 55113.79948989 38.36 269.755217  41.780087   -100 -100.00 -100.00 -100.00
  46   173.737 55113.79949048 41.20 269.756982  41.782374 10.186 -100.00 -100.00 -100.00
  46   174.271 55113.79949107 39.92 269.758747  41.784660   -100 -100.00 -100.00 -100.00
  46   174.358 55113.79949166 41.93 269.760512  41.786947   -100 -100.00 -100.00 -100.00
  46   173.877 55113.79949225 47.33 269.762278  41.789233 23.452 -100.00 -100.00 -100.00
  47   173.821 55123.71513402 37.17 269.756884  41.780103 13.671 -100.00 -100.00 -100.00
  47   174.028 55123.71513461 30.94 269.758649  41.782389 30.897 -100.00 -100.00 -100.00
  47   173.750 55123.71513520 33.44 269.760414  41.784676   -100 -100.00 -100.00 -100.00
  47   173.906 55123.71513579 28.16 269.762180  41.786963 26.744 -100.00 -100.00 -100.00
  47   174.319 55123.71513638 25.46 269.763945  41.789249 17.738 -100.00 -100.00 -100.00
  48   174.515 55133.63077591 36.19 269.760814  41.782639   -100 -100.00 -100.00 -100.00
  48   174.236 55133.63077650 35.10 269.762579  41.784926   -100 -100.00 -100.00 -100.00
  48   174.221 55133.63077709 34.31 269.764345  41.787212   -100 -100.00 -100.00 -100.00
  48   174.263 55133.63077769 31.92 269.766111  41.789499 30.230 -100.00 -100.00 -100.00
  49   174.458 55143.54641539 48.03 269.763693  41.784891 19.455 -100.00 -100.00 -100.00
  49   174.485 55143.54641598 39.27 269.765459  41.787178   -100 -100.00 -100.00 -100.00
  49   174.257 55143.54641657 40.98 269.767225  41.789464   -100 -100.00 -100.00 -100.00
  50   174.022 55153.46205289 35.82 269.762142  41.783129   -100 -100.00 -100.00 -100.00
  50   173.980 55153.46205348 33.00 269.763907  41.785415   -100 -100.00 -100.00 -100.00
  50   174.041 55153.46205407 35.97 269.765673  41.787702   -100 -100.00 -100.00 -100.00
  50   174.084 55153.46205466 38.15 269.767439  41.789988  9.875 -100.00 -100.00 -100.00
  51   174.262 55163.37769164 46.19 269.763987  41.785074   -100 -100.00 -100.00 -100.00
  51   173.978 55163.37769223 43.18 269.765753  41.787360   -100 -100.00 -100.00 -100.00
  51   173.966 55163.37769282 42.04 269.767518  41.789647   -100 -100.00 -100.00 -100.00
  52   173.938 55173.29332945 48.39 269.764753  41.784092 24.962 -100.00 -100.00 -100.00
  52   173.999 55173.29333004 50.35 269.766518  41.786379 14.584 -100.00 -100.00 -100.00
  52   174.050 55173.29333063 54.34 269.768283  41.788666 23.700 -100.00 -100.00 -100.00
  52   174.138 55173.29333122 51.36 269.770049  41.790952   -100 -100.00 -100.00 -100.00
  53   174.037 55183.20896717 40.06 269.768024  41.784896   -100 -100.00 -100.00 -100.00
  53   173.941 55183.20896776 35.81 269.769790  41.787182   -100 -100.00 -100.00 -100.00
  53   173.744 55183.20896835 37.94 269.771555  41.789469   -100 -100.00 -100.00 -100.00
  53   173.772 55183.20896894 43.28 269.773321  41.791756 18.763 -100.00 -100.00 -100.00
  54   174.399 55193.12461788 43.49 269.764116  41.784484  9.911 -100.00 -100.00 -100.00
  54   174.481 55193.12461847 46.21 269.765882  41.786771  6.245 -100.00 -100.00 -100.00
  54   174.551 55193.12461906 45.16 269.767647  41.789057   -100 -100.00 -100.00 -100.00
  54   174.608 55193.12461965 48.10 269.769413  41.791344   -100 -100.00 -100.00 -100.00
  55   174.026 55203.04026629 41.26 269.755717  41.779988   -100 -100.00 -100.00 -100.00
  55   174.268 55203.04026688 41.06 269.757482  41.782275   -100 -100.00 -100.00 -100.00
  55   173.863 55203.04026747 44.13 269.759248  41.784562  8.641 -100.00 -100.00 -100.00
  55   173.901 55203.04026806 46.40 269.761013  41.786848 24.402 -100.00 -100.00 -100.00
  55   173.928 55203.04026866 48.43 269.762778  41.789135   -100 -100.00 -100.00 -100.00
  56   173.756 55212.95591482 37.11 269.749942  41.777477   -100 -100.00 -100.00 -100.00
  56   173.836 55212.95591541 37.15 269.751706  41.779764   -100 -100.00 -100.00 -100.00
  56   173.978 55212.95591600 38.84 269.753471  41.782051   -100 -100.00 -100.00 -100.00
  56   174.439 55212.95591659 39.84 269.755237  41.784338 31.287 -100.00 -100.00 -100.00
  56   174.738 55212.95591718 42.94 269.757002  41.786625 23.802 -100.00 -100.00 -100.00
  57   174.146 55222.87156383 31.57 269.748781  41.777371 21.768 -100.00 -100.00 -100.00
  57   174.216 55222.87156442 31.78 269.750546  41.779658 23.314 -100.00 -100.00 -100.00
  57   174.305 55222.87156501 31.19 269.752311  41.781945 19.985 -100.00 -100.00 -100.00
  57   174.099 55222.87156560 33.76 269.754076  41.784232 31.135 -100.00 -100.00 -100.00
  58   173.725 55232.78721142 30.95 269.749269  41.776255 32.158 -100.00 -100.00 -100.00
  58   173.882 55232.78721201 30.06 269.751034  41.778542 27.195 -100.00 -100.00 -100.00
  58   174.036 55232.78721260 32.00 269.752799  41.780829 29.856 -100.00 -100.00 -100.00
  58   173.849 55232.78721319 34.23 269.754564  41.783116   -100 -100.00 -100.00 -100.00
  58   173.900 55232.78721378 35.40 269.756330  41.785403   -100 -100.00 -100.00 -100.00
  59   173.820 55242.70285703 36.21 269.754849  41.779477   -100 -100.00 -100.00 -100.00
  59   173.922 55242.70285762 37.16 269.756614  41.781764   -100 -100.00 -100.00 -100.00
  59   174.081 55242.70285821 38.14 269.758380  41.784051   -100 -100.00 -100.00 -100.00
  59   174.738 55242.70285880 39.94 269.760145  41.786338 22.225 -100.00 -100.00 -100.00
  59   174.265 55242.70285939 42.09 269.761911  41.788625   -100 -100.00 -100.00 -100.00
  60   173.890 55252.61849865 41.94 269.757145  41.781165   -100 -100.00 -100.00 -100.00
  60   173.827 55252.61849924 42.00 269.758911  41.783451   -100 -100.00 -100.00 -100.00
  60   173.821 55252.61849983 44.19 269.760676  41.785738 14.665 -100.00 -100.00 -100.00
  60   173.863 55252.61850042 45.42 269.762442  41.788025 18.234 -100.00 -100.00 -100.00
  61   174.751 55262.53413675 44.03 269.754545  41.779363 21.448 -100.00 -100.00 -100.00
  61   174.280 55262.53413734 46.24 269.756310  41.781650   -100 -100.00 -100.00 -100.00
  61   174.055 55262.53413793 52.32 269.758076  41.783937   -100 -100.00 -100.00 -100.00
  61   174.080 55262.53413852 53.42 269.759841  41.786224   -100 -100.00 -100.00 -100.00
  61   174.069 55262.53413911 53.31 269.761607  41.788511   -100 -100.00 -100.00 -100.00
  62   175.036 55272.44977436 51.27 269.754091  41.779920  5.355 -100.00 -100.00 -100.00
  62   174.917 55272.44977495 53.47 269.755856  41.782207   -100 -100.00 -100.00 -100.00
  62   174.960 55272.44977554 56.56 269.757622  41.784493   -100 -100.00 -100.00 -100.00
  62   175.039 55272.44977613 56.43 269.759387  41.786780 20.117 -100.00 -100.00 -100.00
  62   175.095 55272.44977672 54.80 269.761153  41.789067 18.985 -100.00 -100.00 -100.00
  63   175.515 55282.36541179 54.53 269.755971  41.779888   -100 -100.00 -100.00 -100.00
  63   175.598 55282.36541238 54.50 269.757736  41.782175   -100 -100.00 -100.00 -100.00
  63   175.699 55282.36541297 56.38 269.759501  41.784462 17.581 -100.00 -100.00 -100.00
  63   175.800 55282.36541356 55.09 269.761267  41.786748   -100 -100.00 -100.00 -100.00
  63   175.537 55282.36541415 52.12 269.763032  41.789035 17.865 -100.00 -100.00 -100.00
  64   175.806 55292.28104970 51.29 269.764845  41.785475 25.961 -100.00 -100.00 -100.00
  64   175.903 55292.28105029 51.63 269.766611  41.787761  7.063 -100.00 -100.00 -100.00
  64   176.001 55292.28105088 52.50 269.768376  41.790048   -100 -100.00 -100.00 -100.00
  65   175.050 55302.19668520 47.44 269.770886  41.786534 16.981 -100.00 -100.00 -100.00
  65   175.193 55302.19668579 45.31 269.772651  41.788820  9.758 -100.00 -100.00 -100.00
  65   175.284 55302.19668638 45.69 269.774417  41.791107   -100 -100.00 -100.00 -100.00
  65   175.356 55302.19668697 45.33 269.776183  41.793393   -100 -100.00 -100.00 -100.00
  66   174.176 55312.11233227 28.29 269.769036  41.785237 26.382 -100.00 -100.00 -100.00
  66   174.275 55312.11233286 29.32 269.770802  41.787523 28.800 -100.00 -100.00 -100.00
  66   174.309 55312.11233345 31.31 269.772568  41.789809   -100 -100.00 -100.00 -100.00
  66   174.529 55312.11233404 31.58 269.774333  41.792096   -100 -100.00 -100.00 -100.00
  67   174.245 55322.02797733 28.04 269.766423  41.784997 29.538 -100.00 -100.00 -100.00
  67   174.292 55322.02797792 28.23 269.768189  41.787283 30.632 -100.00 -100.00 -100.00
  67   174.003 55322.02797851 31.59 269.769954  41.789570   -100 -100.00 -100.00 -100.00
  67   174.310 55322.02797910 36.23 269.771720  41.791856   -100 -100.00 -100.00 -100.00
  68   174.661 55331.94362089 37.68 269.761921  41.783065   -100 -100.00 -100.00 -100.00
  68   174.656 55331.94362148 32.20 269.763687  41.785351 23.749 -100.00 -100.00 -100.00
  68   174.683 55331.94362207 31.75 269.765452  41.787638 22.820 -100.00 -100.00 -100.00
  68   174.767 55331.94362266 34.02 269.767218  41.789924 28.720 -100.00 -100.00 -100.00
  69   174.388 55341.85926438 39.16 269.757846  41.780435 16.801 -100.00 -100.00 -100.00
  69   174.534 55341.85926497 32.62 269.759611  41.782721 32.703 -100.00 -100.00 -100.00
  69   174.389 55341.85926556 32.88 269.761377  41.785008   -100 -100.00 -100.00 -100.00
  69   174.327 55341.85926615 32.41 269.763142  41.787295   -100 -100.00 -100.00 -100.00
  69   174.671 55341.85926674 32.70 269.764908  41.789581 27.580 -100.00 -100.00 -100.00
  70   173.959 55351.77490901 33.96 269.759447  41.782145   -100 -100.00 -100.00 -100.00
  70   174.073 55351.77490960 31.42 269.761212  41.784432   -100 -100.00 -100.00 -100.00
  70   174.016 55351.77491020 28.82 269.762977  41.786718 26.023 -100.00 -100.00 -100.00
  70   174.507 55351.77491079 27.54 269.764743  41.789005 18.155 -100.00 -100.00 -100.00
  71   174.111 55361.69055126 41.48 269.761233  41.782895   -100 -100.00 -100.00 -100.00
  71   174.150 55361.69055185 41.30 269.762998  41.785182  0.185 -100.00 -100.00 -100.00
  71   174.246 55361.69055244 36.33 269.764763  41.787468 29.239 -100.00 -100.00 -100.00
  71   174.272 55361.69055303 37.90 269.766529  41.789755 32.677 -100.00 -100.00 -100.00
  72   174.939 55371.60619104 35.15 269.761351  41.782850 30.555 -100.00 -100.00 -100.00
  72   174.866 55371.60619163 33.44 269.763117  41.785137 24.836 -100.00 -100.00 -100.00
  72   174.857 55371.60619222 34.58 269.764882  41.787423 27.145 -100.00 -100.00 -100.00
  72   174.798 55371.60619281 37.36 269.766647  41.789710   -100 -100.00 -100.00 -100.00
  74   174.765 55391.43746640 41.13 269.760449  41.782237   -100 -100.00 -100.00 -100.00
  74   174.816 55391.43746699 41.98 269.762214  41.784524  0.790 -100.00 -100.00 -100.00
  74   174.870 55391.43746758 39.27 269.763979  41.786810   -100 -100.00 -100.00 -100.00
  74   174.919 55391.43746817 39.73 269.765744  41.789097   -100 -100.00 -100.00 -100.00
  75   175.492 55401.35310353 41.19 269.766061  41.785516  0.661 -100.00 -100.00 -100.00
  75   175.475 55401.35310412 36.71 269.767826  41.787803   -100 -100.00 -100.00 -100.00
  75   175.275 55401.35310471 39.90 269.769591  41.790089   -100 -100.00 -100.00 -100.00
  76   174.986 55411.26875293 50.65 269.767372  41.785252 31.199 -100.00 -100.00 -100.00
  76   175.081 55411.26875352 52.52 269.769137  41.787538 23.304 -100.00 -100.00 -100.00
  76   175.190 55411.26875411 50.39 269.770902  41.789825   -100 -100.00 -100.00 -100.00
  76   174.894 55411.26875470 53.50 269.772668  41.792111 25.663 -100.00 -100.00 -100.00
  77   174.515 55421.18440252 41.15 269.768020  41.784912   -100 -100.00 -100.00 -100.00
  77   174.626 55421.18440311 34.23 269.769786  41.787198 20.939 -100.00 -100.00 -100.00
  77   174.550 55421.18440370 36.63 269.771551  41.789485 27.754 -100.00 -100.00 -100.00
  77   174.611 55421.18440429 37.56 269.773317  41.791771 30.638 -100.00 -100.00 -100.00
  78   175.456 55431.10004917 50.22 269.766865  41.784722   -100 -100.00 -100.00 -100.00
  78   175.241 55431.10004976 44.72 269.768631  41.787008 17.873 -100.00 -100.00 -100.00
  78   175.356 55431.10005035 40.63 269.770396  41.789295   -100 -100.00 -100.00 -100.00
  78   175.058 55431.10005094 42.74 269.772162  41.791581  3.407 -100.00 -100.00 -100.00
  79   174.433 55441.01569295 38.05 269.761210  41.782470 32.234 -100.00 -100.00 -100.00
  79   174.471 55441.01569354 34.78 269.762975  41.784756 19.265 -100.00 -100.00 -100.00
  79   174.291 55441.01569413 35.22 269.764741  41.787043 22.035 -100.00 -100.00 -100.00
  79   174.425 55441.01569472 35.99 269.766506  41.789329 23.546 -100.00 -100.00 -100.00
  80   174.140 55450.93133566 32.51 269.756826  41.781049   -100 -100.00 -100.00 -100.00
  80   174.200 55450.93133625 32.03 269.758591  41.783335   -100 -100.00 -100.00 -100.00
  80   174.456 55450.93133684 30.84 269.760356  41.785622 27.562 -100.00 -100.00 -100.00
  80   174.531 55450.93133743 31.00 269.762122  41.787908 29.298 -100.00 -100.00 -100.00
  81   174.001 55460.84697832 34.58 269.756243  41.780486   -100 -100.00 -100.00 -100.00
  81   174.121 55460.84697891 30.84 269.758008  41.782772   -100 -100.00 -100.00 -100.00
  81   174.290 55460.84697950 28.19 269.759773  41.785059 25.000 -100.00 -100.00 -100.00
  81   174.172 55460.84698010 31.01 269.761538  41.787345   -100 -100.00 -100.00 -100.00
  81   174.833 55460.84698069 28.33 269.763304  41.789631 21.141 -100.00 -100.00 -100.00
  82   175.986 55470.76262089 35.42 269.761319  41.782963   -100 -100.00 -100.00 -100.00
  82   175.905 55470.76262148 31.55 269.763085  41.785249 27.883 -100.00 -100.00 -100.00
  82   175.979 55470.76262207 29.20 269.764850  41.787536 18.649 -100.00 -100.00 -100.00
  82   176.027 55470.76262266 29.13 269.766615  41.789822 18.342 -100.00 -100.00 -100.00
  83   176.090 55480.67826017 37.59 269.766226  41.784085   -100 -100.00 -100.00 -100.00
  83   176.151 55480.67826076 36.75 269.767991  41.786371 30.579 -100.00 -100.00 -100.00
  83   176.140 55480.67826135 40.37 269.769757  41.788658   -100 -100.00 -100.00 -100.00
  83   176.225 55480.67826194 41.55 269.771523  41.790944   -100 -100.00 -100.00 -100.00
  84   174.839 55490.59389706 34.23 269.770832  41.786507   -100 -100.00 -100.00 -100.00
  84   174.983 55490.59389765 33.11 269.772597  41.788794   -100 -100.00 -100.00 -100.00
  84   175.277 55490.59389824 33.64 269.774363  41.791080 27.388 -100.00 -100.00 -100.00
  84   175.243 55490.59389883 37.94 269.776129  41.793366   -100 -100.00 -100.00 -100.00
  85   174.329 55500.50953131 37.24 269.772903  41.788163 31.523 -100.00 -100.00 -100.00
  85   174.544 55500.50953190 39.61 269.774669  41.790449   -100 -100.00 -100.00 -100.00
  85   174.557 55500.50953249 42.71 269.776435  41.792736   -100 -100.00 -100.00 -100.00
  85   174.796 55500.50953308 43.61 269.778201  41.795022   -100 -100.00 -100.00 -100.00
  86   175.127 55510.42517235 52.66 269.767553  41.785019   -100 -100.00 -100.00 -100.00
  86   175.256 55510.42517295 51.47 269.769319  41.787305 29.733 -100.00 -100.00 -100.00
  86   175.360 55510.42517354 48.76 269.771084  41.789592   -100 -100.00 -100.00 -100.00
  86   175.374 55510.42517413 49.82 269.772850  41.791878   -100 -100.00 -100.00 -100.00
  87   174.702 55520.34082148 51.58 269.763296  41.784578   -100 -100.00 -100.00 -100.00
  87   174.786 55520.34082207 51.21 269.765061  41.786864 25.792 -100.00 -100.00 -100.00
  87   174.893 55520.34082266 47.81 269.766827  41.789151   -100 -100.00 -100.00 -100.00
  88   174.676 55530.25646934 49.61 269.760078  41.782497   -100 -100.00 -100.00 -100.00
  88   174.487 55530.25646993 52.44 269.761843  41.784783 10.365 -100.00 -100.00 -100.00
  88   174.331 55530.25647052 55.66 269.763609  41.787070   -100 -100.00 -100.00 -100.00
  88   174.393 55530.25647111 53.98 269.765374  41.789356   -100 -100.00 -100.00 -100.00
  89   173.810 55540.17211614 34.59 269.759508  41.782105 27.237 -100.00 -100.00 -100.00
  89   173.945 55540.17211673 34.09 269.761273  41.784391 26.491 -100.00 -100.00 -100.00
  89   174.010 55540.17211732 36.49 269.763038  41.786678   -100 -100.00 -100.00 -100.00
  89   174.081 55540.17211791 37.54 269.764804  41.788965   -100 -100.00 -100.00 -100.00
  90   174.134 55550.08776082 41.27 269.758450  41.781610   -100 -100.00 -100.00 -100.00
  90   174.291 55550.08776141 42.05 269.760216  41.783897   -100 -100.00 -100.00 -100.00
  90   174.898 55550.08776200 43.05 269.761981  41.786184 26.565 -100.00 -100.00 -100.00
  90   174.602 55550.08776259 45.48 269.763746  41.788470   -100 -100.00 -100.00 -100.00
  91   174.465 55560.00340364 39.41 269.755054  41.780285   -100 -100.00 -100.00 -100.00
  91   174.645 55560.00340423 39.90 269.756819  41.782571   -100 -100.00 -100.00 -100.00
  91   174.814 55560.00340482 43.18 269.758585  41.784858 29.862 -100.00 -100.00 -100.00
  91   174.588 55560.00340541 46.66 269.760350  41.787145   -100 -100.00 -100.00 -100.00
  91   174.259 55560.00340600 49.45 269.762115  41.789431 21.808 -100.00 -100.00 -100.00
  92   174.095 55569.91904581 38.09 269.752434  41.778995   -100 -100.00 -100.00 -100.00
  92   174.253 55569.91904640 37.82 269.754199  41.781282   -100 -100.00 -100.00 -100.00
  92   174.372 55569.91904699 39.17 269.755964  41.783568   -100 -100.00 -100.00 -100.00
  92   174.813 55569.91904758 40.05 269.757729  41.785855 28.980 -100.00 -100.00 -100.00
  92   174.629 55569.91904817 41.17 269.759494  41.788142   -100 -100.00 -100.00 -100.00
  93   174.352 55579.83468791 38.34 269.754355  41.780002   -100 -100.00 -100.00 -100.00
  93   174.526 55579.83468850 38.79 269.756120  41.782289   -100 -100.00 -100.00 -100.00
  93   174.786 55579.83468909 42.08 269.757885  41.784576 29.218 -100.00 -100.00 -100.00
  93   174.833 55579.83468968 46.30 269.759651  41.786863 31.822 -100.00 -100.00 -100.00
  93   174.308 55579.83469027 50.48 269.761416  41.789149 10.909 -100.00 -100.00 -100.00
  94   173.967 55589.75032790 29.91 269.760448  41.782225 19.915 -100.00 -100.00 -100.00
  94   173.976 55589.75032849 31.25 269.762213  41.784512 22.974 -100.00 -100.00 -100.00
  94   174.114 55589.75032908 36.51 269.763979  41.786799   -100 -100.00 -100.00 -100.00
  94   174.289 55589.75032967 36.47 269.765745  41.789086 32.640 -100.00 -100.00 -100.00
  95   173.890 55599.66596515 35.34 269.769009  41.785565   -100 -100.00 -100.00 -100.00
  95   174.151 55599.66596574 36.96 269.770775  41.787851   -100 -100.00 -100.00 -100.00
  95   174.642 55599.66596633 38.08 269.772541  41.790138 28.834 -100.00 -100.00 -100.00
  95   175.236 55599.66596692 42.24 269.774307  41.792425 18.536 -100.00 -100.00 -100.00
  96   174.195 55609.58160053 36.01 269.777813  41.792158 30.546 -100.00 -100.00 -100.00
  96   176.858 55609.58160112 33.08 269.779580  41.794444 21.310 -100.00 -100.00 -100.00
  97   174.731 55619.49723235 46.26 269.778977  41.792752   -100 -100.00 -100.00 -100.00
  97   174.836 55619.49723294 50.62 269.780743  41.795039   -100 -100.00 -100.00 -100.00
  98   174.651 55629.41287948 36.60 269.768414  41.786302 31.247 -100.00 -100.00 -100.00
  98   174.538 55629.41288007 42.24 269.770180  41.788589   -100 -100.00 -100.00 -100.00
  98   174.904 55629.41288066 40.95 269.771946  41.790875   -100 -100.00 -100.00 -100.00
  99   174.461 55639.32852963 53.55 269.764811  41.785234 15.930 -100.00 -100.00 -100.00
  99   174.497 55639.32853022 54.37 269.766576  41.787521 23.403 -100.00 -100.00 -100.00
  99   174.572 55639.32853081 55.78 269.768342  41.789808  1.255 -100.00 -100.00 -100.00
 100   175.885 55649.24417778 54.68 269.764851  41.784107 27.057 -100.00 -100.00 -100.00
 100   176.000 55649.24417837 53.67 269.766617  41.786394 31.551 -100.00 -100.00 -100.00
 100   176.119 55649.24417896 54.59 269.768382  41.788680  8.446 -100.00 -100.00 -100.00
 100   176.176 55649.24417955 53.59 269.770148  41.790967   -100 -100.00 -100.00 -100.00
 101   176.455 55659.15982364 48.71 269.768187  41.785990 31.375 -100.00 -100.00 -100.00
 101   176.569 55659.15982423 49.14 269.769952  41.788276  8.621 -100.00 -100.00 -100.00
 101   176.666 55659.15982482 49.07 269.771718  41.790563   -100 -100.00 -100.00 -100.00
 101   176.543 55659.15982541 50.53 269.773484  41.792849  8.095 -100.00 -100.00 -100.00
 102   177.306 55669.07546503 51.74 269.767764  41.785217 28.306 -100.00 -100.00 -100.00
 102   177.490 55669.07546562 51.72 269.769530  41.787504   -100 -100.00 -100.00 -100.00
 102   177.278 55669.07546621 54.71 269.771296  41.789790 30.676 -100.00 -100.00 -100.00
 102   177.427 55669.07546680 54.35 269.773062  41.792077 27.715 -100.00 -100.00 -100.00
 103   176.645 55678.99110444 37.22 269.766320  41.785452   -100 -100.00 -100.00 -100.00
 103   176.740 55678.99110503 37.53 269.768086  41.787739   -100 -100.00 -100.00 -100.00
 103   176.871 55678.99110562 39.20 269.769851  41.790025   -100 -100.00 -100.00 -100.00
 104   176.131 55688.90674188 33.53 269.764698  41.784851   -100 -100.00 -100.00 -100.00
 104   175.953 55688.90674247 35.73 269.766464  41.787137   -100 -100.00 -100.00 -100.00
 104   176.323 55688.90674306 36.48 269.768229  41.789424   -100 -100.00 -100.00 -100.00
 105   175.502 55698.82237810 35.17 269.765002  41.784323   -100 -100.00 -100.00 -100.00
 105   175.554 55698.82237869 34.67 269.766767  41.786610   -100 -100.00 -100.00 -100.00
 105   175.567 55698.82237928 38.26 269.768533  41.788897   -100 -100.00 -100.00 -100.00
 105   175.600 55698.82237987 40.70 269.770298  41.791184  5.013 -100.00 -100.00 -100.00
 106   175.533 55708.73801624 47.33 269.769115  41.786422   -100 -100.00 -100.00 -100.00
 106   175.230 55708.73801683 48.91 269.770880  41.788709 23.205 -100.00 -100.00 -100.00
 106   175.330 55708.73801742 48.11 269.772646  41.790995 30.787 -100.00 -100.00 -100.00
 106   175.409 55708.73801801 47.42 269.774412  41.793282 15.856 -100.00 -100.00 -100.00
 107   175.586 55718.65366637 30.08 269.765836  41.784223 29.681 -100.00 -100.00 -100.00
 107   175.328 55718.65366696 29.12 269.767601  41.786509 25.600 -100.00 -100.00 -100.00
 107   175.274 55718.65366755 31.13 269.769367  41.788796   -100 -100.00 -100.00 -100.00
 107   175.452 55718.65366815 31.70 269.771132  41.791083   -100 -100.00 -100.00 -100.00
 108   175.284 55728.56931415 35.73 269.762683  41.783279   -100 -100.00 -100.00 -100.00
 108   175.010 55728.56931474 34.18 269.764448  41.785565   -100 -100.00 -100.00 -100.00
 108   175.159 55728.56931533 31.13 269.766214  41.787852 18.413 -100.00 -100.00 -100.00
 108   175.180 55728.56931592 32.22 269.767979  41.790139 22.134 -100.00 -100.00 -100.00
 109   174.881 55738.48496042 45.45 269.759904  41.782756 12.503 -100.00 -100.00 -100.00
 109   174.944 55738.48496101 44.54 269.761669  41.785043  5.452 -100.00 -100.00 -100.00
 109   175.025 55738.48496160 46.12 269.763434  41.787330  4.384 -100.00 -100.00 -100.00
 109   175.131 55738.48496219 46.31 269.765200  41.789616   -100 -100.00 -100.00 -100.00
 110   175.315 55748.40060512 37.25 269.756900  41.781081   -100 -100.00 -100.00 -100.00
 110   175.327 55748.40060571 36.32 269.758665  41.783367 27.052 -100.00 -100.00 -100.00
 110   175.358 55748.40060630 37.57 269.760430  41.785654 32.565 -100.00 -100.00 -100.00
 110   175.328 55748.40060689 41.37 269.762195  41.787940   -100 -100.00 -100.00 -100.00
 111   174.628 55758.31624798 42.51 269.757089  41.780429 19.489 -100.00 -100.00 -100.00
 111   174.673 55758.31624857 42.41 269.758854  41.782715 24.024 -100.00 -100.00 -100.00
 111   174.711 55758.31624916 44.49 269.760619  41.785002 31.263 -100.00 -100.00 -100.00
 111   174.741 55758.31624975 44.50 269.762384  41.787288 30.087 -100.00 -100.00 -100.00
 111   174.790 55758.31625034 44.63 269.764149  41.789575 25.167 -100.00 -100.00 -100.00
 112   175.028 55768.23188956 45.91 269.763478  41.784468 15.039 -100.00 -100.00 -100.00
 112   175.033 55768.23189015 45.29 269.765243  41.786754 20.847 -100.00 -100.00 -100.00
 112   175.074 55768.23189074 45.10 269.767008  41.789040 20.999 -100.00 -100.00 -100.00
 113   175.100 55778.14752741 51.71 269.768537  41.785530 20.163 -100.00 -100.00 -100.00
 113   175.178 55778.14752800 52.74 269.770303  41.787816 28.416 -100.00 -100.00 -100.00
 113   175.279 55778.14752859 53.48 269.772068  41.790103 10.546 -100.00 -100.00 -100.00
 113   175.379 55778.14752918 53.61 269.773834  41.792389   -100 -100.00 -100.00 -100.00
 114   174.907 55788.06316386 35.44 269.775804  41.790853 30.104 -100.00 -100.00 -100.00
 114   174.901 55788.06316445 36.38 269.777570  41.793139   -100 -100.00 -100.00 -100.00
 114   174.973 55788.06316504 37.18 269.779336  41.795425   -100 -100.00 -100.00 -100.00
 115   174.348 55797.97879788 32.47 269.777795  41.792092   -100 -100.00 -100.00 -100.00
 115   174.361 55797.97879847 33.41 269.779560  41.794379   -100 -100.00 -100.00 -100.00
 116   174.312 55807.89444043 44.45 269.770398  41.786121   -100 -100.00 -100.00 -100.00
 116   174.191 55807.89444102 46.90 269.772164  41.788407 26.683 -100.00 -100.00 -100.00
 116   174.246 55807.89444161 50.32 269.773929  41.790693   -100 -100.00 -100.00 -100.00
 116   174.316 55807.89444220 49.53 269.775695  41.792980 16.097 -100.00 -100.00 -100.00
 117   173.899 55817.81008901 35.89 269.766378  41.784146   -100 -100.00 -100.00 -100.00
 117   174.053 55817.81008960 30.43 269.768143  41.786432 27.106 -100.00 -100.00 -100.00
 117   174.035 55817.81009019 32.22 269.769908  41.788719 28.542 -100.00 -100.00 -100.00
 117   174.039 55817.81009078 38.57 269.771674  41.791005   -100 -100.00 -100.00 -100.00
 118   173.972 55827.72573496 34.48 269.768611  41.785422 25.151 -100.00 -100.00 -100.00
 118   173.775 55827.72573555 34.34 269.770376  41.787709 26.889 -100.00 -100.00 -100.00
 118   173.644 55827.72573614 38.17 269.772142  41.789995   -100 -100.00 -100.00 -100.00
 118   173.986 55827.72573673 37.08 269.773907  41.792282   -100 -100.00 -100.00 -100.00
 119   173.905 55837.64137748 42.51 269.774612  41.790098   -100 -100.00 -100.00 -100.00
 119   174.016 55837.64137807 36.07 269.776378  41.792384 22.937 -100.00 -100.00 -100.00
 119   174.021 55837.64137866 37.16 269.778144  41.794671 28.863 -100.00 -100.00 -100.00
 120   174.592 55847.55701589 39.29 269.777258  41.791764 19.871 -100.00 -100.00 -100.00
 120   174.337 55847.55701648 46.55 269.779024  41.794051   -100 -100.00 -100.00 -100.00
 120   174.013 55847.55701707 54.35 269.780790  41.796337  1.276 -100.00 -100.00 -100.00
 121   173.864 55857.47265129 40.18 269.777240  41.791924   -100 -100.00 -100.00 -100.00
 121   173.936 55857.47265188 39.98 269.779006  41.794210   -100 -100.00 -100.00 -100.00
 121   174.526 55857.47265247 42.19 269.780772  41.796496 25.118 -100.00 -100.00 -100.00
 122   173.719 55867.38829418 39.13 269.768259  41.785037 10.389 -100.00 -100.00 -100.00
 122   173.834 55867.38829477 26.75 269.770024  41.787324 15.481 -100.00 -100.00 -100.00
 122   173.875 55867.38829536 27.80 269.771789  41.789611 19.016 -100.00 -100.00 -100.00
 122   173.782 55867.38829595 33.20 269.773555  41.791897   -100 -100.00 -100.00 -100.00
 123   174.278 55877.30394544 50.81 269.763479  41.784136   -100 -100.00 -100.00 -100.00
 123   174.223 55877.30394603 53.83 269.765245  41.786423   -100 -100.00 -100.00 -100.00
 123   174.269 55877.30394662 56.37 269.767010  41.788709   -100 -100.00 -100.00 -100.00
 123   174.154 55877.30394721 53.05 269.768775  41.790996  9.557 -100.00 -100.00 -100.00
 133   173.777 55976.46037684 46.83 269.764891  41.783910 14.705 -100.00 -100.00 -100.00
 133   173.786 55976.46037743 49.97 269.766657  41.786196 30.502 -100.00 -100.00 -100.00
 133   173.864 55976.46037803 52.80 269.768423  41.788483 17.109 -100.00 -100.00 -100.00
 133   173.906 55976.46037862 52.81 269.770189  41.790770 20.532 -100.00 -100.00 -100.00
 134   173.820 55986.37601317 44.67 269.766873  41.784957   -100 -100.00 -100.00 -100.00
 134   173.819 55986.37601376 50.09 269.768638  41.787244   -100 -100.00 -100.00 -100.00
 134   173.936 55986.37601435 44.25 269.770404  41.789531   -100 -100.00 -100.00 -100.00
 134   173.811 55986.37601494 41.76 269.772170  41.791817   -100 -100.00 -100.00 -100.00
 135   173.848 55996.29165082 48.93 269.772421  41.788463   -100 -100.00 -100.00 -100.00
 135   173.831 55996.29165141 53.00 269.774187  41.790749   -100 -100.00 -100.00 -100.00
 135   173.855 55996.29165200 54.98 269.775953  41.793036   -100 -100.00 -100.00 -100.00
 136   174.665 56006.20730132 40.19 269.769097  41.785548  9.610 -100.00 -100.00 -100.00
 136   174.731 56006.20730191 34.17 269.770863  41.787835   -100 -100.00 -100.00 -100.00
 136   174.475 56006.20730250 36.08 269.772629  41.790122   -100 -100.00 -100.00 -100.00
 136   174.551 56006.20730309 38.01 269.774394  41.792408  1.612 -100.00 -100.00 -100.00
 137   174.093 56016.12294864 30.65 269.768374  41.785583   -100 -100.00 -100.00 -100.00
 137   174.097 56016.12294923 32.43 269.770139  41.787870   -100 -100.00 -100.00 -100.00
 137   174.183 56016.12294982 33.53 269.771905  41.790156   -100 -100.00 -100.00 -100.00
 137   174.203 56016.12295041 35.49 269.773671  41.792443   -100 -100.00 -100.00 -100.00
 139   173.922 56035.95423475 37.23 269.760095  41.781603  0.016 -100.00 -100.00 -100.00
 139   173.973 56035.95423534 33.30 269.761861  41.783890   -100 -100.00 -100.00 -100.00
 139   173.682 56035.95423594 34.75 269.763626  41.786176   -100 -100.00 -100.00 -100.00
 139   173.662 56035.95423653 32.21 269.765392  41.788463   -100 -100.00 -100.00 -100.00
 139   173.891 56035.95423712 27.65 269.767158  41.790749 19.935 -100.00 -100.00 -100.00
 141   174.589 56055.78551498 30.41 269.763112  41.784647 23.260 -100.00 -100.00 -100.00
 141   174.275 56055.78551557 31.10 269.764877  41.786934 28.240 -100.00 -100.00 -100.00
 141   174.432 56055.78551616 30.79 269.766642  41.789220 23.946 -100.00 -100.00 -100.00
 142   175.190 56065.70114959 26.77 269.767083  41.785069 19.361 -100.00 -100.00 -100.00
 142   174.763 56065.70115018 28.42 269.768849  41.787356 26.053 -100.00 -100.00 -100.00
 142   175.194 56065.70115077 28.08 269.770614  41.789643 22.128 -100.00 -100.00 -100.00
 142   175.201 56065.70115136 34.26 269.772380  41.791930   -100 -100.00 -100.00 -100.00
 143   174.052 56075.61679561 26.88 269.766006  41.784924 28.391 -100.00 -100.00 -100.00
 143   174.563 56075.61679620 23.67 269.767771  41.787210 15.602 -100.00 -100.00 -100.00
 143   174.938 56075.61679679 24.66 269.769537  41.789497 16.680 -100.00 -100.00 -100.00
 143   174.399 56075.61679738 28.78 269.771302  41.791784 31.404 -100.00 -100.00 -100.00
 144   174.945 56085.53244391 41.04 269.760797  41.782575   -100 -100.00 -100.00 -100.00
 144   174.974 56085.53244450 44.20 269.762562  41.784862  1.710 -100.00 -100.00 -100.00
 144   175.022 56085.53244509 39.86 269.764328  41.787148   -100 -100.00 -100.00 -100.00
 144   175.095 56085.53244568 44.69 269.766093  41.789435   -100 -100.00 -100.00 -100.00
 145   174.799 56095.44809012 37.51 269.758270  41.781262   -100 -100.00 -100.00 -100.00
 145   174.867 56095.44809071 36.31 269.760035  41.783548   -100 -100.00 -100.00 -100.00
 145   174.920 56095.44809131 35.00 269.761800  41.785835   -100 -100.00 -100.00 -100.00
 145   174.943 56095.44809190 38.05 269.763566  41.788121   -100 -100.00 -100.00 -100.00
 145   174.999 56095.44809249 40.37 269.765331  41.790408   -100 -100.00 -100.00 -100.00
 146   174.773 56105.36373474 38.37 269.759076  41.781451   -100 -100.00 -100.00 -100.00
 146   174.856 56105.36373533 37.93 269.760841  41.783737   -100 -100.00 -100.00 -100.00
 146   174.884 56105.36373593 36.96 269.762606  41.786024   -100 -100.00 -100.00 -100.00
 146   174.734 56105.36373652 36.66 269.764372  41.788310   -100 -100.00 -100.00 -100.00
 146   174.898 56105.36373711 38.81 269.766137  41.790597   -100 -100.00 -100.00 -100.00
 147   174.947 56115.27936582 51.05 269.764001  41.784728 30.132 -100.00 -100.00 -100.00
 147   175.046 56115.27936641 52.64 269.765767  41.787015 11.745 -100.00 -100.00 -100.00
 147   175.132 56115.27936700 53.65 269.767532  41.789301   -100 -100.00 -100.00 -100.00
 148   174.239 56125.19500406 51.14 269.767386  41.785042   -100 -100.00 -100.00 -100.00
 148   174.349 56125.19500465 42.23 269.769151  41.787329   -100 -100.00 -100.00 -100.00
 148   174.260 56125.19500524 50.65 269.770917  41.789615  9.123 -100.00 -100.00 -100.00
 148   174.363 56125.19500583 49.79 269.772682  41.791901  3.075 -100.00 -100.00 -100.00
 149   173.953 56135.11063946 38.16 269.774099  41.789424 24.347 -100.00 -100.00 -100.00
 149   173.920 56135.11064005 39.97 269.775865  41.791710   -100 -100.00 -100.00 -100.00
 149   173.936 56135.11064064 39.12 269.777631  41.793996 28.151 -100.00 -100.00 -100.00
 150   173.655 56145.02628064 30.60 269.773091  41.788676 24.356 -100.00 -100.00 -100.00
 150   173.976 56145.02628123 32.71 269.774857  41.790962 26.491 -100.00 -100.00 -100.00
 150   173.901 56145.02628182 34.67 269.776623  41.793249   -100 -100.00 -100.00 -100.00
 150   173.965 56145.02628242 37.54 269.778388  41.795535   -100 -100.00 -100.00 -100.00
 151   173.702 56154.94192946 38.42 269.766538  41.784476 27.396 -100.00 -100.00 -100.00
 151   173.798 56154.94193005 30.84 269.768303  41.786762   -100 -100.00 -100.00 -100.00
 151   173.699 56154.94193064 29.21 269.770069  41.789048   -100 -100.00 -100.00 -100.00
 151   173.602 56154.94193123 36.01 269.771834  41.791335   -100 -100.00 -100.00 -100.00
 152   173.706 56164.85757822 36.58 269.763515  41.783521  7.028 -100.00 -100.00 -100.00
 152   173.815 56164.85757881 35.61 269.765281  41.785807   -100 -100.00 -100.00 -100.00
 152   173.867 56164.85757940 31.85 269.767046  41.788094   -100 -100.00 -100.00 -100.00
 152   173.821 56164.85757999 31.13 269.768812  41.790380   -100 -100.00 -100.00 -100.00
 153   173.730 56174.77322559 46.14 269.764200  41.784827   -100 -100.00 -100.00 -100.00
 153   173.796 56174.77322618 46.07 269.765966  41.787114 23.452 -100.00 -100.00 -100.00
 153   173.868 56174.77322677 37.45 269.767731  41.789400   -100 -100.00 -100.00 -100.00
 154   173.642 56184.68886733 46.53 269.764869  41.783624   -100 -100.00 -100.00 -100.00
 154   173.705 56184.68886792 42.43 269.766634  41.785911 21.839 -100.00 -100.00 -100.00
 154   173.763 56184.68886851 34.81 269.768400  41.788197   -100 -100.00 -100.00 -100.00
 154   173.410 56184.68886911 34.11 269.770165  41.790484   -100 -100.00 -100.00 -100.00
 155   173.674 56194.60450604 43.82 269.767979  41.785659   -100 -100.00 -100.00 -100.00
 155   173.799 56194.60450663 28.30 269.769744  41.787945   -100 -100.00 -100.00 -100.00
 155   173.818 56194.60450722 31.03 269.771510  41.790232   -100 -100.00 -100.00 -100.00
 155   173.786 56194.60450781 36.26 269.773276  41.792518   -100 -100.00 -100.00 -100.00
 156   173.693 56204.52014121 38.01 269.768794  41.786142   -100 -100.00 -100.00 -100.00
 156   173.628 56204.52014180 28.61 269.770559  41.788429 13.395 -100.00 -100.00 -100.00
 156   173.565 56204.52014239 35.87 269.772325  41.790715   -100 -100.00 -100.00 -100.00
 156   173.509 56204.52014298 38.61 269.774091  41.793002   -100 -100.00 -100.00 -100.00
 157   174.181 56214.43577446 48.98 269.769082  41.785750   -100 -100.00 -100.00 -100.00
 157   173.768 56214.43577505 53.09 269.770847  41.788036   -100 -100.00 -100.00 -100.00
 157   173.812 56214.43577564 54.08 269.772613  41.790323   -100 -100.00 -100.00 -100.00
 157   173.816 56214.43577623 55.09 269.774379  41.792609   -100 -100.00 -100.00 -100.00
 158   173.936 56224.35141076 42.39 269.771385  41.787346   -100 -100.00 -100.00 -100.00
 158   173.636 56224.35141135 33.19 269.773150  41.789632 30.274 -100.00 -100.00 -100.00
 158   173.688 56224.35141194 36.27 269.774915  41.791919   -100 -100.00 -100.00 -100.00
 158   173.647 56224.35141253 40.87 269.776681  41.794205  5.292 -100.00 -100.00 -100.00
 159   173.748 56234.26706524 42.51 269.765660  41.783910   -100 -100.00 -100.00 -100.00
 159   173.795 56234.26706583 39.39 269.767425  41.786197 25.768 -100.00 -100.00 -100.00
 159   173.850 56234.26706642 32.99 269.769190  41.788483   -100 -100.00 -100.00 -100.00
 159   173.820 56234.26706701 35.64 269.770955  41.790770   -100 -100.00 -100.00 -100.00
 160   173.842 56244.18271691 45.70 269.764080  41.784208   -100 -100.00 -100.00 -100.00
 160   173.927 56244.18271750 43.23 269.765845  41.786495 22.212 -100.00 -100.00 -100.00
 160   173.658 56244.18271809 32.70 269.767610  41.788781   -100 -100.00 -100.00 -100.00
 160   173.667 56244.18271868 36.08 269.769376  41.791068   -100 -100.00 -100.00 -100.00
 161   173.907 56254.09836326 35.51 269.761041  41.782380   -100 -100.00 -100.00 -100.00
 161   173.708 56254.09836385 33.82 269.762806  41.784667   -100 -100.00 -100.00 -100.00
 161   173.807 56254.09836444 31.19 269.764571  41.786953   -100 -100.00 -100.00 -100.00
 161   173.842 56254.09836503 29.11 269.766336  41.789240 25.465 -100.00 -100.00 -100.00
 162   174.353 56264.01400560 44.56 269.758468  41.780758 27.972 -100.00 -100.00 -100.00
 162   174.197 56264.01400619 48.84 269.760233  41.783044   -100 -100.00 -100.00 -100.00
 162   173.862 56264.01400678 53.77 269.761998  41.785331  6.504 -100.00 -100.00 -100.00
 162   173.636 56264.01400737 56.07 269.763764  41.787617   -100 -100.00 -100.00 -100.00
 162   173.621 56264.01400796 57.18 269.765529  41.789904   -100 -100.00 -100.00 -100.00
 164   173.965 56283.84529126 44.65 269.759140  41.781056   -100 -100.00 -100.00 -100.00
 164   173.782 56283.84529185 46.17 269.760905  41.783343 25.425 -100.00 -100.00 -100.00
 164   173.810 56283.84529244 49.12 269.762671  41.785629   -100 -100.00 -100.00 -100.00
 164   173.840 56283.84529303 49.90 269.764436  41.787916   -100 -100.00 -100.00 -100.00
 164   173.884 56283.84529362 51.19 269.766202  41.790203   -100 -100.00 -100.00 -100.00
 165   173.520 56293.76094358 40.35 269.761349  41.783476   -100 -100.00 -100.00 -100.00
 165   173.947 56293.76094417 43.48 269.763115  41.785763   -100 -100.00 -100.00 -100.00
 165   174.008 56293.76094476 42.40 269.764880  41.788050   -100 -100.00 -100.00 -100.00
 165   173.634 56293.76094535 44.41 269.766646  41.790336 14.217 -100.00 -100.00 -100.00
 166   173.784 56303.67659092 45.71 269.762011  41.783519 10.997 -100.00 -100.00 -100.00
 166   173.832 56303.67659151 48.10 269.763777  41.785806 18.897 -100.00 -100.00 -100.00
 166   173.932 56303.67659210 47.91 269.765543  41.788093  1.020 -100.00 -100.00 -100.00
 166   173.992 56303.67659269 41.76 269.767309  41.790379   -100 -100.00 -100.00 -100.00
 167   173.788 56313.59223348 41.43 269.759991  41.781583   -100 -100.00 -100.00 -100.00
 167   173.691 56313.59223408 42.46 269.761756  41.783870   -100 -100.00 -100.00 -100.00
 167   173.585 56313.59223467 43.87 269.763522  41.786157  4.333 -100.00 -100.00 -100.00
 167   173.633 56313.59223526 44.90 269.765288  41.788444 12.285 -100.00 -100.00 -100.00
 167   173.696 56313.59223585 44.76 269.767054  41.790730  3.878 -100.00 -100.00 -100.00
 168   173.765 56323.50787421 42.45 269.758887  41.781750  1.462 -100.00 -100.00 -100.00
 168   173.898 56323.50787481 42.20 269.760653  41.784036   -100 -100.00 -100.00 -100.00
 168   174.046 56323.50787540 43.88 269.762418  41.786323   -100 -100.00 -100.00 -100.00
 168   174.119 56323.50787599 44.46 269.764184  41.788610   -100 -100.00 -100.00 -100.00
 169   173.725 56333.42351430 43.77 269.759076  41.782188   -100 -100.00 -100.00 -100.00
 169   173.834 56333.42351489 44.66 269.760841  41.784474   -100 -100.00 -100.00 -100.00
 169   173.915 56333.42351548 45.83 269.762607  41.786761   -100 -100.00 -100.00 -100.00
 169   173.878 56333.42351607 43.18 269.764373  41.789048   -100 -100.00 -100.00 -100.00
 170   173.635 56343.33915413 42.44 269.762137  41.783084  9.788 -100.00 -100.00 -100.00
 170   173.679 56343.33915472 44.98 269.763903  41.785370 20.997 -100.00 -100.00 -100.00
 170   173.738 56343.33915531 43.95 269.765668  41.787657 12.399 -100.00 -100.00 -100.00
 170   173.789 56343.33915590 46.20 269.767434  41.789944 24.000 -100.00 -100.00 -100.00
 171   174.010 56353.25479233 39.78 269.768553  41.785907   -100 -100.00 -100.00 -100.00
 171   174.225 56353.25479292 41.83 269.770318  41.788194 30.036 -100.00 -100.00 -100.00
 171   173.754 56353.25479351 44.84 269.772084  41.790481  9.511 -100.00 -100.00 -100.00
 171   173.737 56353.25479410 50.27 269.773850  41.792767   -100 -100.00 -100.00 -100.00
 172   174.585 56363.17043475 28.19 269.770324  41.786243 12.280 -100.00 -100.00 -100.00
 172   174.742 56363.17043534 30.23 269.772090  41.788530 18.332 -100.00 -100.00 -100.00
 172   174.563 56363.17043593 35.76 269.773856  41.790816   -100 -100.00 -100.00 -100.00
 172   174.773 56363.17043652 36.89 269.775621  41.793103   -100 -100.00 -100.00 -100.00
 173   174.206 56373.08608294 46.21 269.765707  41.784580   -100 -100.00 -100.00 -100.00
 173   174.307 56373.08608353 48.82 269.767472  41.786866   -100 -100.00 -100.00 -100.00
 173   174.004 56373.08608412 48.95 269.769238  41.789153 10.691 -100.00 -100.00 -100.00
 173   173.951 56373.08608471 53.14 269.771003  41.791439 30.101 -100.00 -100.00 -100.00
 175   175.003 56392.91737126 34.01 269.752811  41.778058 25.489 -100.00 -100.00 -100.00
 175   174.836 56392.91737185 38.07 269.754576  41.780345   -100 -100.00 -100.00 -100.00
 175   174.953 56392.91737244 32.92 269.756341  41.782632 19.234 -100.00 -100.00 -100.00
 175   174.959 56392.91737303 34.29 269.758106  41.784919 23.286 -100.00 -100.00 -100.00
 175   175.284 56392.91737362 34.54 269.759872  41.787206 22.199 -100.00 -100.00 -100.00
 176   176.478 56402.83301435 38.80 269.754332  41.779366   -100 -100.00 -100.00 -100.00
 176   176.553 56402.83301494 37.49 269.756097  41.781653   -100 -100.00 -100.00 -100.00
 176   176.612 56402.83301553 40.17 269.757862  41.783939   -100 -100.00 -100.00 -100.00
 176   176.673 56402.83301612 38.69 269.759627  41.786226   -100 -100.00 -100.00 -100.00
 176   176.733 56402.83301671 41.93 269.761393  41.788513   -100 -100.00 -100.00 -100.00
 177   175.789 56412.74865501 33.93 269.758709  41.781432   -100 -100.00 -100.00 -100.00
 177   175.889 56412.74865560 30.47 269.760474  41.783719 24.976 -100.00 -100.00 -100.00
 177   175.944 56412.74865619 32.04 269.762239  41.786006 27.719 -100.00 -100.00 -100.00
 177   175.643 56412.74865678 32.56 269.764005  41.788293 27.133 -100.00 -100.00 -100.00
 178   176.041 56422.66429088 32.76 269.765258  41.783916 21.076 -100.00 -100.00 -100.00
 178   175.904 56422.66429147 33.40 269.767023  41.786203 25.725 -100.00 -100.00 -100.00
 178   175.987 56422.66429206 33.78 269.768789  41.788490 23.324 -100.00 -100.00 -100.00
 178   176.010 56422.66429265 36.94 269.770554  41.790777   -100 -100.00 -100.00 -100.00
 179   175.719 56432.57993355 29.83 269.766858  41.785941 22.802 -100.00 -100.00 -100.00
 179   175.817 56432.57993414 29.53 269.768624  41.788228 20.793 -100.00 -100.00 -100.00
 179   175.767 56432.57993473 33.17 269.770389  41.790515   -100 -100.00 -100.00 -100.00
 180   175.586 56442.49558444 37.88 269.758732  41.782083   -100 -100.00 -100.00 -100.00
 180   175.704 56442.49558503 34.85 269.760497  41.784370   -100 -100.00 -100.00 -100.00
 180   175.756 56442.49558562 32.69 269.762262  41.786657 26.375 -100.00 -100.00 -100.00
 180   175.716 56442.49558621 33.75 269.764028  41.788944 28.946 -100.00 -100.00 -100.00
 181   176.301 56452.41123270 50.95 269.752015  41.777650   -100 -100.00 -100.00 -100.00
 181   176.004 56452.41123329 52.27 269.753780  41.779937 31.610 -100.00 -100.00 -100.00
 181   176.126 56452.41123388 53.13 269.755545  41.782224 31.410 -100.00 -100.00 -100.00
 181   176.161 56452.41123447 52.75 269.757310  41.784510 24.724 -100.00 -100.00 -100.00
 181   176.246 56452.41123506 49.80 269.759075  41.786797  6.010 -100.00 -100.00 -100.00
 182   175.540 56462.32688042 51.10 269.754163  41.779625  7.791 -100.00 -100.00 -100.00
 182   175.485 56462.32688101 53.26 269.755928  41.781911   -100 -100.00 -100.00 -100.00
 182   175.541 56462.32688160 54.97 269.757693  41.784198   -100 -100.00 -100.00 -100.00
 182   175.607 56462.32688219 56.19 269.759458  41.786485 31.847 -100.00 -100.00 -100.00
 182   175.686 56462.32688278 54.73 269.761223  41.788771 12.273 -100.00 -100.00 -100.00
 183   176.532 56472.24252474 42.93 269.757608  41.780419   -100 -100.00 -100.00 -100.00
 183   176.597 56472.24252533 42.74 269.759373  41.782705   -100 -100.00 -100.00 -100.00
 183   176.654 56472.24252592 44.97 269.761138  41.784992  4.293 -100.00 -100.00 -100.00
 183   176.717 56472.24252651 45.48 269.762903  41.787278  7.117 -100.00 -100.00 -100.00
 183   176.794 56472.24252710 47.20 269.764669  41.789565 14.745 -100.00 -100.00 -100.00
 184   175.880 56482.15816628 55.22 269.763347  41.783462 30.908 -100.00 -100.00 -100.00
 184   175.992 56482.15816687 52.97 269.765112  41.785748  8.813 -100.00 -100.00 -100.00
 184   175.889 56482.15816746 50.94 269.766877  41.788034 10.585 -100.00 -100.00 -100.00
 184   175.739 56482.15816805 53.38 269.768643  41.790321 29.882 -100.00 -100.00 -100.00
 185   174.760 56492.07380368 32.86 269.765878  41.784791 30.476 -100.00 -100.00 -100.00
 185   174.765 56492.07380427 34.44 269.767643  41.787077   -100 -100.00 -100.00 -100.00
 185   174.858 56492.07380486 34.61 269.769408  41.789364 32.312 -100.00 -100.00 -100.00
 185   174.824 56492.07380545 38.45 269.771174  41.791650   -100 -100.00 -100.00 -100.00
 187   174.037 56511.90507201 28.45 269.769557  41.785448 19.692 -100.00 -100.00 -100.00
 187   173.642 56511.90507260 30.00 269.771322  41.787735 23.928 -100.00 -100.00 -100.00
 187   174.070 56511.90507319 31.08 269.773087  41.790021 24.639 -100.00 -100.00 -100.00
 187   174.013 56511.90507378 32.20 269.774853  41.792307   -100 -100.00 -100.00 -100.00
 187   174.086 56511.90507437 35.98 269.776619  41.794594   -100 -100.00 -100.00 -100.00
 188   173.934 56521.82071874 28.59 269.769463  41.785419 20.502 -100.00 -100.00 -100.00
 188   173.989 56521.82071933 26.09 269.771228  41.787705 13.576 -100.00 -100.00 -100.00
 188   173.795 56521.82071992 30.35 269.772994  41.789991 26.648 -100.00 -100.00 -100.00
 188   173.729 56521.82072051 35.28 269.774759  41.792278   -100 -100.00 -100.00 -100.00
 188   174.053 56521.82072110 33.99 269.776525  41.794564   -100 -100.00 -100.00 -100.00
 189   173.909 56531.73637170 30.25 269.768209  41.785401   -100 -100.00 -100.00 -100.00
 189   174.307 56531.73637229 23.98 269.769974  41.787687 19.600 -100.00 -100.00 -100.00
 189   174.213 56531.73637288 27.56 269.771739  41.789974 31.830 -100.00 -100.00 -100.00
 189   174.027 56531.73637347 28.77 269.773505  41.792260   -100 -100.00 -100.00 -100.00
 191   173.688 56551.56766540 32.89 269.764140  41.784017   -100 -100.00 -100.00 -100.00
 191   173.858 56551.56766599 28.88 269.765905  41.786303 31.906 -100.00 -100.00 -100.00
 191   177.952 56551.56766658 27.26 269.767671  41.788590 23.875 -100.00 -100.00 -100.00
 191   173.865 56551.56766717 31.01 269.769437  41.790876   -100 -100.00 -100.00 -100.00
 192   173.725 56561.48330686 36.97 269.758024  41.780555   -100 -100.00 -100.00 -100.00
 192   173.756 56561.48330745 35.82 269.759789  41.782842   -100 -100.00 -100.00 -100.00
 192   173.765 56561.48330804 37.53 269.761555  41.785129   -100 -100.00 -100.00 -100.00
 192   173.796 56561.48330863 35.63 269.763320  41.787415   -100 -100.00 -100.00 -100.00
 192   173.791 56561.48330922 40.04 269.765085  41.789702 10.401 -100.00 -100.00 -100.00
 193   173.841 56571.39894799 44.57 269.755590  41.780235 29.065 -100.00 -100.00 -100.00
 193   173.944 56571.39894858 33.79 269.757355  41.782522 30.454 -100.00 -100.00 -100.00
 193   173.928 56571.39894917 35.66 269.759120  41.784808   -100 -100.00 -100.00 -100.00
 193   174.000 56571.39894976 38.42 269.760885  41.787095   -100 -100.00 -100.00 -100.00
 193   173.867 56571.39895035 37.28 269.762650  41.789381   -100 -100.00 -100.00 -100.00
 194   173.672 56581.31458786 33.83 269.756609  41.780224   -100 -100.00 -100.00 -100.00
 194   173.715 56581.31458845 31.86 269.758374  41.782510   -100 -100.00 -100.00 -100.00
 194   173.813 56581.31458904 29.61 269.760139  41.784797 32.412 -100.00 -100.00 -100.00
 194   174.262 56581.31458963 26.51 269.761904  41.787083 18.377 -100.00 -100.00 -100.00
 194   174.329 56581.31459022 27.30 269.763669  41.789370 24.777 -100.00 -100.00 -100.00
 195   173.870 56591.23022532 28.14 269.766257  41.785548   -100 -100.00 -100.00 -100.00
 195   173.965 56591.23022591 24.30 269.768022  41.787835 19.857 -100.00 -100.00 -100.00
 195   173.793 56591.23022650 28.46 269.769787  41.790121   -100 -100.00 -100.00 -100.00
 196   174.116 56601.14587390 49.20 269.767321  41.785989   -100 -100.00 -100.00 -100.00
 196   174.107 56601.14587450 54.02 269.769086  41.788275   -100 -100.00 -100.00 -100.00
 196   173.792 56601.14587509 55.24 269.770852  41.790562 24.707 -100.00 -100.00 -100.00
 197   173.896 56611.06152342 51.62 269.764064  41.785103   -100 -100.00 -100.00 -100.00
 197   173.944 56611.06152401 45.73 269.765829  41.787389   -100 -100.00 -100.00 -100.00
 197   174.019 56611.06152460 36.74 269.767594  41.789676   -100 -100.00 -100.00 -100.00
 198   173.776 56620.97716773 35.06 269.758240  41.781408   -100 -100.00 -100.00 -100.00
 198   173.789 56620.97716832 37.26 269.760005  41.783695   -100 -100.00 -100.00 -100.00
 198   173.851 56620.97716891 34.78 269.761770  41.785981   -100 -100.00 -100.00 -100.00
 198   173.953 56620.97716950 34.85 269.763535  41.788268   -100 -100.00 -100.00 -100.00
 199   174.460 56630.89280964 43.87 269.755150  41.779239 32.468 -100.00 -100.00 -100.00
 199   174.077 56630.89281023 42.41 269.756914  41.781526   -100 -100.00 -100.00 -100.00
 199   173.709 56630.89281082 37.74 269.758680  41.783813  0.870 -100.00 -100.00 -100.00
 199   173.757 56630.89281141 41.52 269.760445  41.786100 17.250 -100.00 -100.00 -100.00
 199   173.761 56630.89281200 42.04 269.762210  41.788386 12.630 -100.00 -100.00 -100.00
 200   173.672 56640.80844962 34.08 269.760593  41.782522   -100 -100.00 -100.00 -100.00
 200   173.503 56640.80845021 36.33 269.762358  41.784808   -100 -100.00 -100.00 -100.00
 200   173.842 56640.80845080 38.74 269.764123  41.787095   -100 -100.00 -100.00 -100.00
 200   174.435 56640.80845139 38.99 269.765889  41.789382 24.540 -100.00 -100.00 -100.00
 201   220.077 56650.72409798 10.65 269.764683  41.784422 15.876 -100.00 -100.00 -100.00
 201   221.545 56650.72409857  8.66 269.766448  41.786709  9.882 -100.00 -100.00 -100.00
 201   221.118 56650.72409916 16.71 269.768214  41.788995 15.748 -100.00 -100.00 -100.00
 201   221.687 56650.72409975 15.85 269.769980  41.791282 10.933 -100.00 -100.00 -100.00
 202   173.454 56660.63974883 35.13 269.765120  41.784757   -100 -100.00 -100.00 -100.00
 202   173.599 56660.63974942 36.16 269.766886  41.787043   -100 -100.00 -100.00 -100.00
 202   173.725 56660.63975001 37.10 269.768652  41.789330   -100 -100.00 -100.00 -100.00
 202   173.914 56660.63975060 38.65 269.770418  41.791617   -100 -100.00 -100.00 -100.00
 203   173.658 56670.55539557 33.68 269.762594  41.783807   -100 -100.00 -100.00 -100.00
 203   173.671 56670.55539616 36.41 269.764359  41.786094   -100 -100.00 -100.00 -100.00
 203   173.765 56670.55539675 36.27 269.766125  41.788381   -100 -100.00 -100.00 -100.00
 203   173.827 56670.55539734 37.98 269.767891  41.790668   -100 -100.00 -100.00 -100.00
 205   173.630 56690.38668184 33.07 269.755006  41.779428   -100 -100.00 -100.00 -100.00
 205   173.621 56690.38668243 33.25 269.756771  41.781715   -100 -100.00 -100.00 -100.00
 205   173.772 56690.38668302 35.06 269.758537  41.784002   -100 -100.00 -100.00 -100.00
 205   173.913 56690.38668361 35.40 269.760302  41.786289   -100 -100.00 -100.00 -100.00
 205   173.940 56690.38668420 37.77 269.762068  41.788576   -100 -100.00 -100.00 -100.00
 206   173.793 56700.30232243 32.03 269.759877  41.782328   -100 -100.00 -100.00 -100.00
 206   173.550 56700.30232303 32.82 269.761642  41.784615   -100 -100.00 -100.00 -100.00
 206   173.633 56700.30232362 35.46 269.763408  41.786902  5.229 -100.00 -100.00 -100.00
 206   173.721 56700.30232421 35.29 269.765173  41.789188   -100 -100.00 -100.00 -100.00
 207   174.094 56710.21795880 35.49 269.768210  41.786142 31.273 -100.00 -100.00 -100.00
 207   174.068 56710.21795939 37.37 269.769976  41.788429   -100 -100.00 -100.00 -100.00
 207   173.817 56710.21795998 35.92 269.771742  41.790715   -100 -100.00 -100.00 -100.00
 208   173.454 56720.13360056 33.03 269.768746  41.785555   -100 -100.00 -100.00 -100.00
 208   173.590 56720.13360115 33.72 269.770512  41.787842   -100 -100.00 -100.00 -100.00
 208   173.645 56720.13360174 29.83 269.772277  41.790128 30.512 -100.00 -100.00 -100.00
 208   173.492 56720.13360233 29.47 269.774043  41.792415 28.717 -100.00 -100.00 -100.00
 209   174.168 56730.04925183 35.95 269.762906  41.784199 26.107 -100.00 -100.00 -100.00
 209   174.261 56730.04925242 37.20 269.764672  41.786486 25.963 -100.00 -100.00 -100.00
 209   174.264 56730.04925301 39.67 269.766438  41.788773   -100 -100.00 -100.00 -100.00
 209   174.712 56730.04925360 40.74 269.768203  41.791059 27.271 -100.00 -100.00 -100.00
 211   174.457 56749.88054209 35.43 269.750007  41.777620   -100 -100.00 -100.00 -100.00
 211   174.234 56749.88054268 35.10 269.751771  41.779907   -100 -100.00 -100.00 -100.00
 211   174.360 56749.88054327 31.62 269.753536  41.782194 32.505 -100.00 -100.00 -100.00
 211   174.443 56749.88054386 33.15 269.755301  41.784481   -100 -100.00 -100.00 -100.00
 211   174.428 56749.88054445 34.47 269.757067  41.786768   -100 -100.00 -100.00 -100.00
 212   174.427 56759.79618183 32.39 269.752325  41.777800   -100 -100.00 -100.00 -100.00
 212   174.577 56759.79618242 29.55 269.754090  41.780087   -100 -100.00 -100.00 -100.00
 212   174.666 56759.79618301 28.27 269.755855  41.782374 22.766 -100.00 -100.00 -100.00
 212   174.728 56759.79618361 27.05 269.757620  41.784661 21.154 -100.00 -100.00 -100.00
 212   174.587 56759.79618420 27.80 269.759385  41.786948 22.097 -100.00 -100.00 -100.00
 213   176.189 56769.71181742 33.25 269.764206  41.785314 24.595 -100.00 -100.00 -100.00
 213   176.257 56769.71181801 35.08 269.765971  41.787601 31.694 -100.00 -100.00 -100.00
 213   176.244 56769.71181860 35.77 269.767737  41.789888 31.668 -100.00 -100.00 -100.00
 214   175.862 56779.62746766 35.34 269.762509  41.783755   -100 -100.00 -100.00 -100.00
 214   176.020 56779.62746825 31.99 269.764274  41.786042 24.407 -100.00 -100.00 -100.00
 214   175.684 56779.62746884 32.82 269.766040  41.788328 27.602 -100.00 -100.00 -100.00
 214   175.810 56779.62746943 34.01 269.767806  41.790615 28.718 -100.00 -100.00 -100.00
 215   176.484 56789.54312180 52.42 269.756198  41.780455 27.867 -100.00 -100.00 -100.00
 215   176.568 56789.54312239 53.38 269.757963  41.782742 27.487 -100.00 -100.00 -100.00
 215   176.641 56789.54312298 55.31 269.759729  41.785029 22.521 -100.00 -100.00 -100.00
 215   176.722 56789.54312357 53.64 269.761494  41.787316 13.054 -100.00 -100.00 -100.00
 215   176.811 56789.54312416 53.50 269.763260  41.789603   -100 -100.00 -100.00 -100.00
 216   176.211 56799.45877197 53.48 269.747817  41.775497   -100 -100.00 -100.00 -100.00
 216   176.330 56799.45877256 53.15 269.749582  41.777784   -100 -100.00 -100.00 -100.00
 216   176.399 56799.45877315 53.41 269.751347  41.780071 26.524 -100.00 -100.00 -100.00
 216   176.498 56799.45877374 53.20 269.753112  41.782358  8.367 -100.00 -100.00 -100.00
 216   176.568 56799.45877433 51.97 269.754877  41.784645  3.068 -100.00 -100.00 -100.00
 217   175.802 56809.37441693 39.05 269.744978  41.774292   -100 -100.00 -100.00 -100.00
 217   175.738 56809.37441752 40.53 269.746743  41.776579   -100 -100.00 -100.00 -100.00
 217   175.495 56809.37441811 40.42 269.748508  41.778865   -100 -100.00 -100.00 -100.00
 217   175.473 56809.37441870 42.39 269.750273  41.781152  0.545 -100.00 -100.00 -100.00
 219   175.907 56829.20569603 50.54 269.758679  41.782006 29.816 -100.00 -100.00 -100.00
 219   175.994 56829.20569662 49.26 269.760444  41.784292 10.618 -100.00 -100.00 -100.00
 219   176.093 56829.20569721 51.19 269.762209  41.786579  2.203 -100.00 -100.00 -100.00
 219   176.172 56829.20569780 52.12 269.763974  41.788865   -100 -100.00 -100.00 -100.00
 220   176.859 56839.12133056 48.19 269.767282  41.784790  0.362 -100.00 -100.00 -100.00
 220   176.859 56839.12133115 45.59 269.769047  41.787077   -100 -100.00 -100.00 -100.00
 220   176.870 56839.12133174 43.44 269.770813  41.789363   -100 -100.00 -100.00 -100.00
 220   176.857 56839.12133233 41.98 269.772578  41.791649   -100 -100.00 -100.00 -100.00
 221   176.924 56849.03696483 41.84 269.776315  41.791258   -100 -100.00 -100.00 -100.00
 221   177.012 56849.03696542 43.81 269.778081  41.793544   -100 -100.00 -100.00 -100.00
 221   176.860 56849.03696601 45.17 269.779847  41.795831  6.181 -100.00 -100.00 -100.00
 222   175.077 56858.95261752 28.88 269.766237  41.785572 22.000 -100.00 -100.00 -100.00
 222   175.130 56858.95261811 28.48 269.768002  41.787859 25.136 -100.00 -100.00 -100.00
 222   175.195 56858.95261870 29.14 269.769768  41.790145 23.647 -100.00 -100.00 -100.00
 223   174.183 56868.86826997 31.67 269.758809  41.782058 24.133 -100.00 -100.00 -100.00
 223   173.990 56868.86827056 33.83 269.760574  41.784344   -100 -100.00 -100.00 -100.00
 223   174.113 56868.86827115 33.79 269.762340  41.786631   -100 -100.00 -100.00 -100.00
 223   174.111 56868.86827175 33.90 269.764105  41.788917   -100 -100.00 -100.00 -100.00
 224   173.960 56878.78392102 33.15 269.755627  41.780554   -100 -100.00 -100.00 -100.00
 224   174.029 56878.78392161 31.77 269.757392  41.782840   -100 -100.00 -100.00 -100.00
 224   176.364 56878.78392221 30.65 269.759157  41.785127 30.256 -100.00 -100.00 -100.00
 224   174.949 56878.78392280 27.60 269.760923  41.787413 21.775 -100.00 -100.00 -100.00
 224   175.148 56878.78392339 30.00 269.762688  41.789700 30.876 -100.00 -100.00 -100.00
 225   173.645 56888.69956913 32.30 269.755177  41.780081   -100 -100.00 -100.00 -100.00
 225   173.725 56888.69956972 30.78 269.756942  41.782367   -100 -100.00 -100.00 -100.00
 225   176.316 56888.69957031 29.33 269.758707  41.784654   -100 -100.00 -100.00 -100.00
 225   175.959 56888.69957090 29.17 269.760472  41.786941 30.940 -100.00 -100.00 -100.00
 225   174.923 56888.69957149 29.44 269.762237  41.789227 28.595 -100.00 -100.00 -100.00
 226   173.843 56898.61521463 35.19 269.755420  41.780410   -100 -100.00 -100.00 -100.00
 226   173.856 56898.61521522 36.19 269.757186  41.782697   -100 -100.00 -100.00 -100.00
 226   173.888 56898.61521581 35.56 269.758951  41.784983   -100 -100.00 -100.00 -100.00
 226   175.990 56898.61521640 30.76 269.760716  41.787270 23.151 -100.00 -100.00 -100.00
 226   174.671 56898.61521699 31.33 269.762482  41.789556 25.223 -100.00 -100.00 -100.00
 227   174.206 56908.53085685 42.24 269.752248  41.778626   -100 -100.00 -100.00 -100.00
 227   174.275 56908.53085744 40.84 269.754013  41.780913   -100 -100.00 -100.00 -100.00
 227   174.332 56908.53085803 38.16 269.755778  41.783200   -100 -100.00 -100.00 -100.00
 227   174.352 56908.53085862 40.62 269.757544  41.785486   -100 -100.00 -100.00 -100.00
 227   174.357 56908.53085921 43.13 269.759309  41.787773   -100 -100.00 -100.00 -100.00
 228   175.212 56918.44649686 52.27 269.748644  41.776341  5.797 -100.00 -100.00 -100.00
 228   175.019 56918.44649745 52.59 269.750409  41.778628   -100 -100.00 -100.00 -100.00
 228   175.064 56918.44649804 54.55 269.752174  41.780915   -100 -100.00 -100.00 -100.00
 228   175.117 56918.44649863 55.56 269.753939  41.783201   -100 -100.00 -100.00 -100.00
 228   175.170 56918.44649922 55.54 269.755704  41.785488   -100 -100.00 -100.00 -100.00
 229   174.391 56928.36213555 51.35 269.748984  41.776288   -100 -100.00 -100.00 -100.00
 229   174.382 56928.36213614 50.20 269.750748  41.778575   -100 -100.00 -100.00 -100.00
 229   174.080 56928.36213673 53.50 269.752513  41.780861 28.804 -100.00 -100.00 -100.00
 229   174.299 56928.36213732 54.24 269.754278  41.783148  7.892 -100.00 -100.00 -100.00
 229   174.071 56928.36213791 56.44 269.756043  41.785435 29.195 -100.00 -100.00 -100.00
 230   174.002 56938.27777145 36.84 269.756158  41.780508   -100 -100.00 -100.00 -100.00
 230   174.092 56938.27777204 38.94 269.757922  41.782795   -100 -100.00 -100.00 -100.00
 230   174.147 56938.27777263 41.00 269.759687  41.785082   -100 -100.00 -100.00 -100.00
 230   174.235 56938.27777322 40.87 269.761452  41.787368   -100 -100.00 -100.00 -100.00
 230   174.284 56938.27777381 41.97 269.763217  41.789655   -100 -100.00 -100.00 -100.00
 231   173.923 56948.19340652 31.02 269.766067  41.785561 30.316 -100.00 -100.00 -100.00
 231   174.029 56948.19340711 31.42 269.767832  41.787847 28.220 -100.00 -100.00 -100.00
 231   174.383 56948.19340770 33.91 269.769597  41.790134 32.316 -100.00 -100.00 -100.00
 232   173.875 56958.10905923 33.31 269.763512  41.784052   -100 -100.00 -100.00 -100.00
 232   173.807 56958.10905982 29.16 269.765277  41.786339   -100 -100.00 -100.00 -100.00
 232   173.820 56958.10906041 29.01 269.767042  41.788625 28.566 -100.00 -100.00 -100.00
 232   173.902 56958.10906100 31.31 269.768807  41.790911   -100 -100.00 -100.00 -100.00
 233   174.048 56968.02470674 46.54 269.760419  41.782531 20.532 -100.00 -100.00 -100.00
 233   174.123 56968.02470733 48.31 269.762184  41.784818  7.960 -100.00 -100.00 -100.00
 233   174.249 56968.02470792 51.53 269.763949  41.787104   -100 -100.00 -100.00 -100.00
 233   174.251 56968.02470851 53.36 269.765715  41.789391   -100 -100.00 -100.00 -100.00
 234   173.982 56977.94035057 33.56 269.758105  41.781309   -100 -100.00 -100.00 -100.00
 234   173.733 56977.94035116 34.90 269.759870  41.783595   -100 -100.00 -100.00 -100.00
 234   174.290 56977.94035175 31.54 269.761635  41.785882 26.920 -100.00 -100.00 -100.00
 234   174.369 56977.94035234 32.32 269.763400  41.788168   -100 -100.00 -100.00 -100.00
 235   173.744 56987.85599076 44.28 269.759526  41.782432 29.381 -100.00 -100.00 -100.00
 235   173.805 56987.85599135 43.87 269.761291  41.784718 22.146 -100.00 -100.00 -100.00
 235   173.877 56987.85599194 42.47 269.763056  41.787005  4.396 -100.00 -100.00 -100.00
 235   173.958 56987.85599253 40.54 269.764822  41.789292   -100 -100.00 -100.00 -100.00
 236   173.901 56997.77162554 38.39 269.765708  41.784554   -100 -100.00 -100.00 -100.00
 236   173.936 56997.77162613 38.30 269.767474  41.786841   -100 -100.00 -100.00 -100.00
 236   173.998 56997.77162672 40.11 269.769239  41.789128   -100 -100.00 -100.00 -100.00
 236   174.486 56997.77162731 40.02 269.771005  41.791414 31.086 -100.00 -100.00 -100.00
 237   174.069 57007.68727393 28.17 269.766757  41.784629 16.654 -100.00 -100.00 -100.00
 237   173.884 57007.68727452 30.02 269.768522  41.786916 23.439 -100.00 -100.00 -100.00
 237   174.035 57007.68727511 30.17 269.770288  41.789203 21.433 -100.00 -100.00 -100.00
 237   174.096 57007.68727570 35.18 269.772054  41.791490   -100 -100.00 -100.00 -100.00
 238   174.256 57017.60292771 51.59 269.766075  41.785596 30.966 -100.00 -100.00 -100.00
 238   174.372 57017.60292830 54.50 269.767841  41.787882 31.434 -100.00 -100.00 -100.00
 238   174.451 57017.60292889 55.34 269.769607  41.790169 13.321 -100.00 -100.00 -100.00
 239   219.923 57027.51857707  3.59 269.762401  41.783688  6.706 -100.00 -100.00 -100.00
 239   221.529 57027.51857766 15.75 269.764167  41.785974 12.247 -100.00 -100.00 -100.00
 239   222.405 57027.51857825 13.06 269.765933  41.788261  7.373 -100.00 -100.00 -100.00
 239   221.671 57027.51857884 18.45 269.767699  41.790548 26.503 -100.00 -100.00 -100.00
 240   173.687 57037.43422419 27.96 269.757506  41.780898 17.510 -100.00 -100.00 -100.00
 240   173.777 57037.43422478 28.10 269.759271  41.783185 18.225 -100.00 -100.00 -100.00
 240   173.823 57037.43422538 30.72 269.761037  41.785472 29.280 -100.00 -100.00 -100.00
 240   173.888 57037.43422597 33.21 269.762802  41.787758   -100 -100.00 -100.00 -100.00
 240   174.036 57037.43422656 33.11 269.764568  41.790045 32.577 -100.00 -100.00 -100.00
 241   174.103 57047.34986941 39.01 269.756024  41.780320   -100 -100.00 -100.00 -100.00
 241   174.114 57047.34987000 40.08 269.757789  41.782607   -100 -100.00 -100.00 -100.00
 241   174.431 57047.34987059 41.02 269.759554  41.784894   -100 -100.00 -100.00 -100.00
 241   174.264 57047.34987118 45.07 269.761320  41.787181   -100 -100.00 -100.00 -100.00
 241   173.990 57047.34987177 50.68 269.763085  41.789468   -100 -100.00 -100.00 -100.00
 242   173.936 57057.26551131 34.68 269.757583  41.780349   -100 -100.00 -100.00 -100.00
 242   174.078 57057.26551190 36.66 269.759348  41.782635   -100 -100.00 -100.00 -100.00
 242   174.208 57057.26551249 38.29 269.761113  41.784922   -100 -100.00 -100.00 -100.00
 242   173.846 57057.26551308 40.33 269.762878  41.787209 12.704 -100.00 -100.00 -100.00
 242   173.841 57057.26551367 44.49 269.764644  41.789496   -100 -100.00 -100.00 -100.00
 243   173.828 57067.18114899 25.80 269.764131  41.784434 16.994 -100.00 -100.00 -100.00
 243   173.882 57067.18114958 28.49 269.765897  41.786720 24.215 -100.00 -100.00 -100.00
 243   173.971 57067.18115017 28.82 269.767662  41.789007 25.576 -100.00 -100.00 -100.00
 243   174.016 57067.18115076 28.43 269.769428  41.791293 25.146 -100.00 -100.00 -100.00
 244   173.564 57077.09678169 33.36 269.767929  41.785706   -100 -100.00 -100.00 -100.00
 244   173.663 57077.09678228 31.78 269.769694  41.787993 31.950 -100.00 -100.00 -100.00
 244   173.433 57077.09678287 33.98 269.771460  41.790279   -100 -100.00 -100.00 -100.00
 244   173.469 57077.09678346 32.11 269.773226  41.792566   -100 -100.00 -100.00 -100.00
 245   173.599 57087.01241376 29.49 269.772638  41.788714 22.269 -100.00 -100.00 -100.00
 245   173.582 57087.01241435 29.95 269.774404  41.791001 25.697 -100.00 -100.00 -100.00
 245   173.797 57087.01241494 24.84 269.776170  41.793287 11.014 -100.00 -100.00 -100.00
 246   174.099 57096.92807047 32.64 269.760847  41.782339 32.402 -100.00 -100.00 -100.00
 246   174.021 57096.92807106 33.43 269.762613  41.784626 32.358 -100.00 -100.00 -100.00
 246   174.028 57096.92807165 31.74 269.764378  41.786912 28.309 -100.00 -100.00 -100.00
 246   174.050 57096.92807224 32.18 269.766143  41.789199 31.305 -100.00 -100.00 -100.00
 247   174.269 57106.84372510 32.98 269.752893  41.778047   -100 -100.00 -100.00 -100.00
 247   174.287 57106.84372569 31.13 269.754658  41.780334 30.449 -100.00 -100.00 -100.00
 247   174.001 57106.84372628 34.05 269.756423  41.782621   -100 -100.00 -100.00 -100.00
 247   174.027 57106.84372687 32.85 269.758188  41.784908   -100 -100.00 -100.00 -100.00
 247   174.132 57106.84372746 29.49 269.759954  41.787195 21.970 -100.00 -100.00 -100.00
 248   174.043 57116.75937622 28.31 269.751731  41.777504 27.696 -100.00 -100.00 -100.00
 248   173.842 57116.75937681 31.03 269.753495  41.779791   -100 -100.00 -100.00 -100.00
 248   173.781 57116.75937740 32.63 269.755260  41.782078   -100 -100.00 -100.00 -100.00
 248   173.830 57116.75937799 31.50 269.757025  41.784365   -100 -100.00 -100.00 -100.00
 248   173.883 57116.75937858 30.51 269.758791  41.786652   -100 -100.00 -100.00 -100.00
 249   174.750 57126.67502204 48.52 269.755149  41.780177   -100 -100.00 -100.00 -100.00
 249   174.373 57126.67502263 52.65 269.756914  41.782464   -100 -100.00 -100.00 -100.00
 249   174.417 57126.67502322 54.60 269.758679  41.784750   -100 -100.00 -100.00 -100.00
 249   174.466 57126.67502381 54.98 269.760444  41.787037   -100 -100.00 -100.00 -100.00
 249   174.528 57126.67502440 50.48 269.762210  41.789324 22.692 -100.00 -100.00 -100.00
 250   174.142 57136.59066186 47.66 269.757446  41.780794   -100 -100.00 -100.00 -100.00
 250   174.182 57136.59066245 46.94 269.759212  41.783081   -100 -100.00 -100.00 -100.00
 250   174.221 57136.59066304 47.66 269.760977  41.785368   -100 -100.00 -100.00 -100.00
 250   174.276 57136.59066363 39.38 269.762742  41.787655   -100 -100.00 -100.00 -100.00
 250   174.324 57136.59066422 39.78 269.764508  41.789942   -100 -100.00 -100.00 -100.00
