#  164.000  -1.004   9.405 ;Mean Elev.(m), Avg Gradient(m/km), RMS Gradient(m/km) - SRTM1     
#    0.000   0.000   0.000 ;Mean Elev.(m), Avg Gradient(m/km), RMS Gradient(m/km) - ASTER GDEM
#  165.576  -0.189   7.966 ;Mean Elev.(m), Avg Gradient(m/km), RMS Gradient(m/km) - GMTED2010 
   2   176.817 54672.92359053 20.32 269.101183  41.433368   -100 -100.00 -100.00 -100.00
   2   222.275 54672.92359112 14.88 269.102927  41.431076  9.020 -100.00 -100.00 -100.00
   3   225.625 54682.83923411  6.49 269.101398  41.433236  7.438 -100.00 -100.00 -100.00
   3   226.452 54682.83923470  6.26 269.103142  41.430944  6.800 -100.00 -100.00 -100.00
   4   177.077 54692.75487649 17.79 269.102954  41.434089 21.980 -100.00 -100.00 -100.00
   4   176.437 54692.75487708 18.20 269.104698  41.431796 23.462 -100.00 -100.00 -100.00
   5   198.435 54702.67051658 13.28 269.105265  41.434868 16.973 -100.00 -100.00 -100.00
   5   201.831 54702.67051717 11.49 269.107009  41.432576 13.222 -100.00 -100.00 -100.00
   5   228.005 54702.67051776  5.28 269.108752  41.430284  4.966 -100.00 -100.00 -100.00
   6   202.157 54712.58616519 14.47 269.102760  41.435450 15.411 -100.00 -100.00 -100.00
   6   177.730 54712.58616578 19.43 269.104504  41.433158   -100 -100.00 -100.00 -100.00
   6   192.076 54712.58616638 15.25 269.106248  41.430866 19.187 -100.00 -100.00 -100.00
   7   227.344 54722.50181612 11.96 269.098992  41.434506  4.646 -100.00 -100.00 -100.00
   7   241.356 54722.50181671 12.30 269.100736  41.432214  4.591 -100.00 -100.00 -100.00
   8   220.899 54732.41746450 18.84 269.094946  41.432959 18.779 -100.00 -100.00 -100.00
   8   222.113 54732.41746509 27.80 269.096690  41.430667 20.292 -100.00 -100.00 -100.00
   9   182.808 54742.33311118 19.02 269.092831  41.432062 21.333 -100.00 -100.00 -100.00
   9   182.291 54742.33311177 18.01 269.094575  41.429769 18.355 -100.00 -100.00 -100.00
  10   219.077 54752.24875776 28.78 269.093227  41.431240   -100 -100.00 -100.00 -100.00
  10   221.277 54752.24875835 17.99 269.094971  41.428947  9.320 -100.00 -100.00 -100.00
  11   182.398 54762.16440369 19.97 269.093344  41.431957 22.508 -100.00 -100.00 -100.00
  11   198.019 54762.16440428 14.32 269.095088  41.429665  6.251 -100.00 -100.00 -100.00
  12   182.312 54772.08004750 22.13 269.094123  41.431190   -100 -100.00 -100.00 -100.00
  12   182.323 54772.08004809 15.43 269.095867  41.428898 12.214 -100.00 -100.00 -100.00
  13   182.389 54781.99568775 25.91 269.092960  41.432985   -100 -100.00 -100.00 -100.00
  13   182.240 54781.99568834 20.05 269.094705  41.430693 25.778 -100.00 -100.00 -100.00
  14   196.709 54791.91132609 21.22 269.093765  41.433422 21.333 -100.00 -100.00 -100.00
  14   210.945 54791.91132668 19.51 269.095510  41.431130 15.268 -100.00 -100.00 -100.00
  17   225.171 54821.65824313  8.92 269.100796  41.435470  2.901 -100.00 -100.00 -100.00
  17   226.465 54821.65824372  9.75 269.102540  41.433178  3.307 -100.00 -100.00 -100.00
  17   226.709 54821.65824432 10.64 269.104284  41.430886  3.820 -100.00 -100.00 -100.00
  18   216.687 54831.57389553 18.56 269.098813  41.434825 10.704 -100.00 -100.00 -100.00
  18   214.210 54831.57389612 22.95 269.100557  41.432533 12.412 -100.00 -100.00 -100.00
  19   214.268 54841.48953464 15.10 269.097104  41.433151 10.892 -100.00 -100.00 -100.00
  19   213.282 54841.48953523 14.93 269.098848  41.430859 12.534 -100.00 -100.00 -100.00
  20   217.376 54851.40518364 10.86 269.095197  41.432630  5.502 -100.00 -100.00 -100.00
  20   216.680 54851.40518423 11.87 269.096940  41.430338  8.064 -100.00 -100.00 -100.00
  21   217.364 54861.32083222 10.65 269.094880  41.432255  6.541 -100.00 -100.00 -100.00
  21   225.307 54861.32083281  9.53 269.096624  41.429963  5.887 -100.00 -100.00 -100.00
  22   197.313 54871.23648054 16.12 269.094426  41.432806 13.064 -100.00 -100.00 -100.00
  22   182.587 54871.23648113 18.58 269.096169  41.430514 21.968 -100.00 -100.00 -100.00
  23   217.858 54881.15212722 13.64 269.093591  41.433218  8.083 -100.00 -100.00 -100.00
  23   217.416 54881.15212781 11.24 269.095335  41.430925  5.585 -100.00 -100.00 -100.00
  24   224.162 54891.06777097 10.52 269.093057  41.432118  4.925 -100.00 -100.00 -100.00
  24   217.030 54891.06777156 12.96 269.094801  41.429826  9.629 -100.00 -100.00 -100.00
  25   227.583 54900.98341179 10.44 269.091560  41.430854  3.153 -100.00 -100.00 -100.00
  25   228.232 54900.98341238 11.27 269.093304  41.428562  4.048 -100.00 -100.00 -100.00
  26   211.636 54910.89905041 14.26 269.089648  41.432163 10.326 -100.00 -100.00 -100.00
  26   197.431 54910.89905100 13.36 269.091392  41.429871  9.179 -100.00 -100.00 -100.00
  27   197.175 54920.81468839 19.56 269.090622  41.432974 17.980 -100.00 -100.00 -100.00
  27   183.140 54920.81468898 19.59 269.092366  41.430682 18.800 -100.00 -100.00 -100.00
  27   226.359 54920.81468957  9.79 269.094109  41.428390  4.311 -100.00 -100.00 -100.00
  28   183.146 54930.73032633 20.16 269.094151  41.432943 25.289 -100.00 -100.00 -100.00
  28   196.973 54930.73032693 14.53 269.095895  41.430651  7.648 -100.00 -100.00 -100.00
  29   216.435 54940.64596304 24.66 269.097660  41.432794 16.780 -100.00 -100.00 -100.00
  29   225.711 54940.64596363 21.73 269.099403  41.430502 11.333 -100.00 -100.00 -100.00
  30   220.458 54950.56159768 10.75 269.099145  41.433791  5.810 -100.00 -100.00 -100.00
  30   221.301 54950.56159827 14.06 269.100889  41.431500  9.013 -100.00 -100.00 -100.00
  31   224.315 54960.47723791 12.82 269.098977  41.433332  6.587 -100.00 -100.00 -100.00
  31   225.063 54960.47723850 10.97 269.100721  41.431040  5.165 -100.00 -100.00 -100.00
  32   215.832 54970.39288667 25.08 269.097964  41.432338 13.524 -100.00 -100.00 -100.00
  32   213.402 54970.39288726 29.14 269.099708  41.430046   -100 -100.00 -100.00 -100.00
  33   217.048 54980.30853359 26.96 269.097175  41.433840 15.411 -100.00 -100.00 -100.00
  33   216.109 54980.30853418 22.86 269.098918  41.431548 12.644 -100.00 -100.00 -100.00
  34   226.957 54990.22418085 19.15 269.098778  41.432761  6.377 -100.00 -100.00 -100.00
  34   227.651 54990.22418144 18.59 269.100521  41.430469  5.146 -100.00 -100.00 -100.00
  35   226.201 55000.13982754  7.75 269.098129  41.432773  4.146 -100.00 -100.00 -100.00
  35   226.670 55000.13982813  8.65 269.099873  41.430480  3.662 -100.00 -100.00 -100.00
  36   226.707 55010.05547256 13.18 269.097490  41.432279  8.797 -100.00 -100.00 -100.00
  36   228.120 55010.05547315  7.11 269.099234  41.429987  2.710 -100.00 -100.00 -100.00
  37   215.447 55019.97111548 13.47 269.095622  41.434131 12.696 -100.00 -100.00 -100.00
  37   217.579 55019.97111608 12.64 269.097366  41.431839 11.887 -100.00 -100.00 -100.00
  38   221.384 55029.88675829 10.40 269.097502  41.432705  7.490 -100.00 -100.00 -100.00
  38   217.351 55029.88675888 11.23 269.099246  41.430413  8.116 -100.00 -100.00 -100.00
  39   217.728 55039.80239992 11.77 269.097951  41.434154  8.978 -100.00 -100.00 -100.00
  39   177.033 55039.80240051 18.63 269.099695  41.431862 26.548 -100.00 -100.00 -100.00
  40   177.203 55049.71804082 23.55 269.100798  41.434169   -100 -100.00 -100.00 -100.00
  40   181.657 55049.71804141 15.80 269.102541  41.431877 16.000 -100.00 -100.00 -100.00
  41   168.351 55059.63367956 33.92 269.102488  41.433999  9.001 -100.00 -100.00 -100.00
  41   170.322 55059.63368015 25.69 269.104232  41.431707   -100 -100.00 -100.00 -100.00
  42   222.610 55069.54931997 26.95 269.101548  41.433102 18.143 -100.00 -100.00 -100.00
  42   222.578 55069.54932056 25.99 269.103292  41.430810 15.225 -100.00 -100.00 -100.00
  43   218.768 55079.46496914 26.90 269.096120  41.433148 14.572 -100.00 -100.00 -100.00
  43   219.600 55079.46496973 25.94 269.097864  41.430856 13.539 -100.00 -100.00 -100.00
  44   182.440 55089.38061659 22.02 269.093336  41.431923   -100 -100.00 -100.00 -100.00
  44   182.266 55089.38061718 17.88 269.095080  41.429631  9.887 -100.00 -100.00 -100.00
  45   182.753 55099.29626261 20.54 269.092672  41.431885 32.000 -100.00 -100.00 -100.00
  45   182.176 55099.29626320 18.83 269.094416  41.429593 20.347 -100.00 -100.00 -100.00
  46   222.094 55109.21190800 18.00 269.093534  41.432689 11.130 -100.00 -100.00 -100.00
  46   216.870 55109.21190859 15.88 269.095278  41.430397  6.952 -100.00 -100.00 -100.00
  47   182.612 55119.12755226 18.47 269.094657  41.432620 20.627 -100.00 -100.00 -100.00
  47   217.379 55119.12755285 10.21 269.096401  41.430328  5.198 -100.00 -100.00 -100.00
  48   220.555 55129.04319373 21.11 269.093327  41.433266 19.233 -100.00 -100.00 -100.00
  48   219.270 55129.04319432 18.88 269.095072  41.430974  6.266 -100.00 -100.00 -100.00
  49   182.574 55138.95883339 26.80 269.091860  41.433065   -100 -100.00 -100.00 -100.00
  49   219.368 55138.95883398 28.01 269.093604  41.430773 17.730 -100.00 -100.00 -100.00
  49   221.698 55138.95883457 27.88 269.095348  41.428480 24.383 -100.00 -100.00 -100.00
  50   182.521 55148.87447210 22.26 269.092644  41.432981 29.318 -100.00 -100.00 -100.00
  50   197.464 55148.87447269 17.41 269.094388  41.430689 13.143 -100.00 -100.00 -100.00
  51   198.193 55158.79011062 14.98 269.095980  41.434064 11.738 -100.00 -100.00 -100.00
  51   197.582 55158.79011121 16.56 269.097724  41.431771 14.962 -100.00 -100.00 -100.00
  52   177.092 55168.70574933 20.50 269.100865  41.433915 22.756 -100.00 -100.00 -100.00
  52   197.556 55168.70574992 12.91 269.102609  41.431623  7.022 -100.00 -100.00 -100.00
  53   216.570 55178.62138647 20.68 269.102354  41.435967 24.375 -100.00 -100.00 -100.00
  53   210.774 55178.62138706 19.61 269.104098  41.433675 14.215 -100.00 -100.00 -100.00
  53   211.281 55178.62138765 21.98 269.105842  41.431383 15.046 -100.00 -100.00 -100.00
  54   225.555 55188.53703260  9.17 269.101849  41.433764  5.238 -100.00 -100.00 -100.00
  54   226.789 55188.53703319  8.09 269.103592  41.431472  3.885 -100.00 -100.00 -100.00
  55   213.857 55198.45268330 17.56 269.098095  41.433004 10.362 -100.00 -100.00 -100.00
  55   213.358 55198.45268389 17.23 269.099839  41.430712 11.560 -100.00 -100.00 -100.00
  56   214.840 55208.36833278  9.38 269.095516  41.433550  6.038 -100.00 -100.00 -100.00
  56   226.252 55208.36833337  6.57 269.097260  41.431258  3.873 -100.00 -100.00 -100.00
  57   226.471 55218.28398213  6.21 269.096399  41.432906  4.278 -100.00 -100.00 -100.00
  57   227.580 55218.28398272  5.61 269.098142  41.430613  3.548 -100.00 -100.00 -100.00
  58   224.836 55228.19963020  6.01 269.095634  41.433673  3.752 -100.00 -100.00 -100.00
  58   226.032 55228.19963079  5.84 269.097378  41.431381  4.009 -100.00 -100.00 -100.00
  59   225.258 55238.11527557  6.90 269.094818  41.432836  4.505 -100.00 -100.00 -100.00
  59   215.191 55238.11527616 15.14 269.096562  41.430544 11.021 -100.00 -100.00 -100.00
  60   165.393 55248.03091708 30.25 269.092050  41.432854 24.895 -100.00 -100.00 -100.00
  60   165.087 55248.03091767 34.23 269.093794  41.430562 19.448 -100.00 -100.00 -100.00
  61   218.016 55257.94655668 16.45 269.090449  41.431377 17.819 -100.00 -100.00 -100.00
  61   228.660 55257.94655727  5.72 269.092193  41.429085  2.791 -100.00 -100.00 -100.00
  62   212.819 55267.86219527 21.89 269.089634  41.432443 12.866 -100.00 -100.00 -100.00
  62   213.463 55267.86219586 23.10 269.091378  41.430151 11.112 -100.00 -100.00 -100.00
  62   212.741 55267.86219645 30.03 269.093122  41.427859 28.174 -100.00 -100.00 -100.00
  63   183.012 55277.77783442 22.34 269.093458  41.431283 24.041 -100.00 -100.00 -100.00
  63   216.604 55277.77783501 19.79 269.095202  41.428991 12.677 -100.00 -100.00 -100.00
  64   198.038 55287.69347192 15.54 269.096796  41.432545 11.597 -100.00 -100.00 -100.00
  64   197.892 55287.69347251 13.04 269.098540  41.430253  8.367 -100.00 -100.00 -100.00
  65   182.595 55297.60910691 19.07 269.099385  41.434240 18.850 -100.00 -100.00 -100.00
  65   217.177 55297.60910750 10.93 269.101129  41.431948  6.044 -100.00 -100.00 -100.00
  66   218.317 55307.52474934 11.33 269.099088  41.432726  8.848 -100.00 -100.00 -100.00
  66   220.179 55307.52474993 10.69 269.100831  41.430434  5.942 -100.00 -100.00 -100.00
  67   197.911 55317.44039543 19.71 269.094471  41.433356 21.701 -100.00 -100.00 -100.00
  67   217.698 55317.44039602 13.19 269.096215  41.431064  8.607 -100.00 -100.00 -100.00
  68   227.014 55327.35604078 13.46 269.093468  41.432480  4.963 -100.00 -100.00 -100.00
  68   227.717 55327.35604137 12.16 269.095212  41.430189  3.404 -100.00 -100.00 -100.00
  69   182.914 55337.27168525 19.43 269.095509  41.432274 24.103 -100.00 -100.00 -100.00
  69   219.267 55337.27168584 25.26 269.097252  41.429982   -100 -100.00 -100.00 -100.00
  70   217.705 55347.18732883 26.03 269.097376  41.433855 16.534 -100.00 -100.00 -100.00
  70   216.407 55347.18732942 22.15 269.099120  41.431563 12.225 -100.00 -100.00 -100.00
  71   177.644 55357.10297092 20.98 269.098377  41.434636 26.200 -100.00 -100.00 -100.00
  71   202.108 55357.10297151 13.36 269.100121  41.432344  9.242 -100.00 -100.00 -100.00
  72   225.507 55367.01861149 10.72 269.099342  41.432945  5.339 -100.00 -100.00 -100.00
  72   226.878 55367.01861208  8.42 269.101085  41.430653  3.607 -100.00 -100.00 -100.00
  73   198.831 55376.93424984 12.98 269.097827  41.434557  9.554 -100.00 -100.00 -100.00
  73   177.310 55376.93425043 14.98 269.099571  41.432265 14.292 -100.00 -100.00 -100.00
  74   177.673 55386.84988805 22.22 269.099444  41.434622 26.895 -100.00 -100.00 -100.00
  74   192.652 55386.84988864 16.17 269.101188  41.432330 13.973 -100.00 -100.00 -100.00
  75   168.212 55396.76552560 36.49 269.102531  41.434741  7.324 -100.00 -100.00 -100.00
  75   168.040 55396.76552619 31.27 269.104275  41.432449   -100 -100.00 -100.00 -100.00
  75   165.672 55396.76552678 29.25 269.106019  41.430156 31.858 -100.00 -100.00 -100.00
  76   223.308 55406.68116831 24.05 269.104861  41.434523 12.265 -100.00 -100.00 -100.00
  76   220.015 55406.68116890 31.34 269.106605  41.432231 19.617 -100.00 -100.00 -100.00
  76   216.589 55406.68116949 20.39 269.108349  41.429938 31.508 -100.00 -100.00 -100.00
  77   176.009 55416.59681957 18.53 269.101920  41.433745 18.286 -100.00 -100.00 -100.00
  77   176.087 55416.59682016 15.85 269.103664  41.431453 12.174 -100.00 -100.00 -100.00
  78   218.181 55426.51246718 28.23 269.096868  41.433331 21.882 -100.00 -100.00 -100.00
  78   217.331 55426.51246777 25.33 269.098612  41.431039 14.052 -100.00 -100.00 -100.00
  79   182.604 55436.42811235 21.77 269.093781  41.431728   -100 -100.00 -100.00 -100.00
  79   217.044 55436.42811294 13.11 269.095525  41.429436  5.577 -100.00 -100.00 -100.00
  80   182.590 55446.34375555 25.54 269.091392  41.432896   -100 -100.00 -100.00 -100.00
  80   182.632 55446.34375614 23.22 269.093136  41.430604   -100 -100.00 -100.00 -100.00
  80   182.632 55446.34375673 15.82 269.094880  41.428312 10.946 -100.00 -100.00 -100.00
  81   221.961 55456.25939892 25.76 269.093721  41.431680   -100 -100.00 -100.00 -100.00
  81   216.752 55456.25939951 15.49 269.095465  41.429388  8.740 -100.00 -100.00 -100.00
  82   226.245 55466.17504135  8.89 269.096526  41.431791  4.997 -100.00 -100.00 -100.00
  82   217.727 55466.17504194 10.64 269.098270  41.429498  6.905 -100.00 -100.00 -100.00
  83   221.954 55476.09068035 25.46 269.098023  41.433032 11.902 -100.00 -100.00 -100.00
  83   220.133 55476.09068094 27.36 269.099767  41.430739 12.407 -100.00 -100.00 -100.00
  84   219.643 55486.00631614 25.32 269.098022  41.434055 14.851 -100.00 -100.00 -100.00
  84   219.520 55486.00631673 22.12 269.099766  41.431763 10.053 -100.00 -100.00 -100.00
  85   210.930 55495.92195023 13.52 269.098200  41.433570  8.609 -100.00 -100.00 -100.00
  85   217.774 55495.92195082 10.16 269.099944  41.431278  4.880 -100.00 -100.00 -100.00
  86   177.817 55505.83758542 18.57 269.100383  41.432751 20.360 -100.00 -100.00 -100.00
  86   196.516 55505.83758601 14.76 269.102127  41.430459 12.280 -100.00 -100.00 -100.00
  87   202.279 55515.75323618 12.67 269.099892  41.432644  9.750 -100.00 -100.00 -100.00
  87   216.625 55515.75323677  8.42 269.101636  41.430352  4.258 -100.00 -100.00 -100.00
  88   177.739 55525.66888609 22.36 269.100761  41.433122 26.988 -100.00 -100.00 -100.00
  88   177.442 55525.66888668 24.39 269.102505  41.430830   -100 -100.00 -100.00 -100.00
  89   177.103 55535.58453408 20.31 269.100726  41.432832 21.444 -100.00 -100.00 -100.00
  89   212.949 55535.58453467 13.45 269.102470  41.430540  7.802 -100.00 -100.00 -100.00
  90   218.251 55545.50017945 12.70 269.097914  41.433799  7.748 -100.00 -100.00 -100.00
  90   217.803 55545.50018004  9.99 269.099658  41.431507  5.164 -100.00 -100.00 -100.00
  91   214.057 55555.41582313 19.96 269.095796  41.433549 12.211 -100.00 -100.00 -100.00
  91   213.568 55555.41582372 18.58 269.097540  41.431257 21.237 -100.00 -100.00 -100.00
  92   217.853 55565.33146630 12.04 269.096697  41.431740  5.247 -100.00 -100.00 -100.00
  92   217.286 55565.33146689 10.16 269.098440  41.429448  3.965 -100.00 -100.00 -100.00
  93   218.212 55575.24710818 11.80 269.097698  41.432937  5.422 -100.00 -100.00 -100.00
  93   216.961 55575.24710877 12.35 269.099442  41.430644  7.592 -100.00 -100.00 -100.00
  94   225.330 55585.16274870  7.19 269.099602  41.432723  3.809 -100.00 -100.00 -100.00
  94   226.725 55585.16274929  7.75 269.101346  41.430431  3.941 -100.00 -100.00 -100.00
  95   214.762 55595.07838548 11.84 269.099671  41.433868  9.935 -100.00 -100.00 -100.00
  95   226.161 55595.07838607  6.83 269.101415  41.431576  3.942 -100.00 -100.00 -100.00
  96   210.275 55604.99401917 12.33 269.099484  41.434216 11.404 -100.00 -100.00 -100.00
  96   227.691 55604.99401976  2.90 269.101229  41.431924  2.779 -100.00 -100.00 -100.00
  97   219.229 55614.90965112 22.22 269.100285  41.434325 12.879 -100.00 -100.00 -100.00
  97   216.371 55614.90965171 24.23 269.102029  41.432033 13.895 -100.00 -100.00 -100.00
  98   214.753 55624.82529130 24.43 269.101495  41.433561 13.293 -100.00 -100.00 -100.00
  98   212.894 55624.82529189 30.52 269.103239  41.431269 30.581 -100.00 -100.00 -100.00
  99   182.555 55634.74094393 18.43 269.099762  41.433420 18.185 -100.00 -100.00 -100.00
  99   221.654 55634.74094452 10.85 269.101506  41.431128  6.145 -100.00 -100.00 -100.00
 100   202.616 55644.65659413 13.52 269.097931  41.434563  9.452 -100.00 -100.00 -100.00
 100   226.020 55644.65659472  8.73 269.099675  41.432271  3.915 -100.00 -100.00 -100.00
 101   217.504 55654.57224206 12.25 269.097491  41.433524  8.509 -100.00 -100.00 -100.00
 101   217.749 55654.57224265  8.43 269.099235  41.431233  5.063 -100.00 -100.00 -100.00
 102   223.481 55664.48788521 27.24 269.096253  41.433066 17.076 -100.00 -100.00 -100.00
 102   224.135 55664.48788580 25.17 269.097997  41.430774 15.131 -100.00 -100.00 -100.00
 103   224.405 55674.40352516 16.86 269.095178  41.432900 12.745 -100.00 -100.00 -100.00
 103   227.281 55674.40352575  8.91 269.096922  41.430609  3.210 -100.00 -100.00 -100.00
 104   222.855 55684.31916354 25.40 269.096304  41.432491 13.797 -100.00 -100.00 -100.00
 104   218.931 55684.31916413 28.26 269.098048  41.430200 25.819 -100.00 -100.00 -100.00
 105   223.540 55694.23480022 16.40 269.098524  41.434470 11.030 -100.00 -100.00 -100.00
 105   224.116 55694.23480081 23.51 269.100267  41.432178 13.011 -100.00 -100.00 -100.00
 106   217.141 55704.15043610 21.41 269.103720  41.434540 20.833 -100.00 -100.00 -100.00
 106   214.545 55704.15043669 25.35 269.105464  41.432248 16.929 -100.00 -100.00 -100.00
 106   213.650 55704.15043728 25.45 269.107208  41.429956 15.023 -100.00 -100.00 -100.00
 107   196.945 55714.06608141 17.93 269.103093  41.436358 19.897 -100.00 -100.00 -100.00
 107   225.152 55714.06608200  8.53 269.104837  41.434066  5.363 -100.00 -100.00 -100.00
 107   220.506 55714.06608259 15.34 269.106581  41.431774 10.200 -100.00 -100.00 -100.00
 108   174.453 55723.98173029 33.67 269.100950  41.435338   -100 -100.00 -100.00 -100.00
 108   168.544 55723.98173088 27.42 269.102694  41.433045 31.910 -100.00 -100.00 -100.00
 108   166.580 55723.98173147 35.65 269.104438  41.430753 20.261 -100.00 -100.00 -100.00
 109   176.915 55733.89737768 24.99 269.099763  41.433094   -100 -100.00 -100.00 -100.00
 109   176.346 55733.89737827 19.14 269.101507  41.430802 20.232 -100.00 -100.00 -100.00
 110   196.537 55743.81302363 15.16 269.098741  41.432546 17.083 -100.00 -100.00 -100.00
 110   225.955 55743.81302422  8.69 269.100485  41.430254  6.954 -100.00 -100.00 -100.00
 111   202.354 55753.72866813  9.06 269.098272  41.432863  7.183 -100.00 -100.00 -100.00
 111   226.173 55753.72866872  6.92 269.100016  41.430571  6.092 -100.00 -100.00 -100.00
 112   224.680 55763.64431059  8.40 269.099053  41.432621  6.955 -100.00 -100.00 -100.00
 112   212.907 55763.64431118  9.17 269.100796  41.430329  8.808 -100.00 -100.00 -100.00
 113   224.494 55773.55995007  8.35 269.098889  41.432894  6.311 -100.00 -100.00 -100.00
 113   220.859 55773.55995066 13.79 269.100633  41.430602  8.785 -100.00 -100.00 -100.00
 114   217.429 55783.47558616 23.42 269.098510  41.432614 15.628 -100.00 -100.00 -100.00
 114   215.620 55783.47558675 28.55 269.100254  41.430322 31.026 -100.00 -100.00 -100.00
 115   219.677 55793.39121916 24.97 269.098458  41.434679   -100 -100.00 -100.00 -100.00
 115   222.414 55793.39121975 23.48 269.100202  41.432387 12.700 -100.00 -100.00 -100.00
 116   177.226 55803.30685455 28.10 269.101064  41.435354   -100 -100.00 -100.00 -100.00
 116   168.119 55803.30685514 26.34 269.102808  41.433062 26.667 -100.00 -100.00 -100.00
 116   166.636 55803.30685573 31.47 269.104552  41.430770 18.587 -100.00 -100.00 -100.00
 117   177.045 55813.22250421 26.10 269.101295  41.434369   -100 -100.00 -100.00 -100.00
 117   173.833 55813.22250480 21.47 269.103039  41.432077 21.545 -100.00 -100.00 -100.00
 118   176.777 55823.13815189 22.82 269.101222  41.433693   -100 -100.00 -100.00 -100.00
 118   222.065 55823.13815248 17.13 269.102966  41.431400 18.141 -100.00 -100.00 -100.00
 119   222.462 55833.05379484 27.06 269.101210  41.432999 30.622 -100.00 -100.00 -100.00
 119   219.241 55833.05379543 26.42 269.102954  41.430706 12.907 -100.00 -100.00 -100.00
 120   177.612 55842.96943316 21.50 269.100203  41.434205 27.921 -100.00 -100.00 -100.00
 120   196.298 55842.96943375 15.89 269.101947  41.431912 10.405 -100.00 -100.00 -100.00
 121   176.159 55852.88506897 27.04 269.101156  41.434512   -100 -100.00 -100.00 -100.00
 121   175.869 55852.88506956 19.69 269.102900  41.432219 20.913 -100.00 -100.00 -100.00
 122   177.592 55862.80070454 21.53 269.103169  41.435433   -100 -100.00 -100.00 -100.00
 122   177.506 55862.80070513 18.44 269.104913  41.433141 22.267 -100.00 -100.00 -100.00
 122   177.277 55862.80070572 15.87 269.106657  41.430849 15.924 -100.00 -100.00 -100.00
 123   177.246 55872.71635881 25.55 269.100853  41.435304   -100 -100.00 -100.00 -100.00
 123   176.996 55872.71635940 20.18 269.102597  41.433012 12.942 -100.00 -100.00 -100.00
 123   165.537 55872.71635999 30.60 269.104341  41.430719 22.799 -100.00 -100.00 -100.00
 133   213.207 55971.87279683 15.73 269.095273  41.433098 12.333 -100.00 -100.00 -100.00
 133   226.738 55971.87279742 11.01 269.097017  41.430806  5.838 -100.00 -100.00 -100.00
 134   181.783 55981.78843365 18.60 269.099409  41.432879 22.021 -100.00 -100.00 -100.00
 134   176.783 55981.78843424 18.51 269.101153  41.430587 22.500 -100.00 -100.00 -100.00
 135   221.580 55991.70406863 21.37 269.102626  41.434777 20.901 -100.00 -100.00 -100.00
 135   219.215 55991.70406922 26.46 269.104370  41.432485 25.149 -100.00 -100.00 -100.00
 135   216.721 55991.70406981 25.48 269.106114  41.430193 13.908 -100.00 -100.00 -100.00
 136   177.747 56001.61971570 24.87 269.101663  41.434502   -100 -100.00 -100.00 -100.00
 136   171.010 56001.61971629 21.60 269.103407  41.432210 22.516 -100.00 -100.00 -100.00
 138   209.357 56021.45101222 16.87 269.094805  41.433633 17.647 -100.00 -100.00 -100.00
 138   201.838 56021.45101282 11.23 269.096549  41.431341  7.659 -100.00 -100.00 -100.00
 139   209.516 56031.36665576 14.78 269.094609  41.433059 14.140 -100.00 -100.00 -100.00
 139   216.871 56031.36665635 12.06 269.096353  41.430767  6.360 -100.00 -100.00 -100.00
 141   227.040 56051.19793637 15.44 269.100303  41.432908  3.385 -100.00 -100.00 -100.00
 141   227.468 56051.19793696 16.02 269.102046  41.430616  4.648 -100.00 -100.00 -100.00
 142   176.710 56061.11357215 28.99 269.101999  41.435284   -100 -100.00 -100.00 -100.00
 142   215.348 56061.11357274 12.27 269.103742  41.432992  5.603 -100.00 -100.00 -100.00
 142   165.131 56061.11357333 32.84 269.105486  41.430700 22.462 -100.00 -100.00 -100.00
 143   177.717 56071.02921024 19.07 269.104569  41.434251 30.198 -100.00 -100.00 -100.00
 143   177.463 56071.02921083 20.46 269.106312  41.431959   -100 -100.00 -100.00 -100.00
 144   176.738 56080.94486045 22.30 269.100980  41.434162   -100 -100.00 -100.00 -100.00
 144   198.404 56080.94486104 10.83 269.102724  41.431870  6.737 -100.00 -100.00 -100.00
 145   197.157 56090.86050847 18.08 269.099327  41.433377 23.975 -100.00 -100.00 -100.00
 145   177.359 56090.86050906 21.40 269.101071  41.431085   -100 -100.00 -100.00 -100.00
 146   197.095 56100.77615417 17.49 269.099210  41.433448 24.035 -100.00 -100.00 -100.00
 146   192.553 56100.77615477 14.69 269.100953  41.431155 17.227 -100.00 -100.00 -100.00
 147   219.356 56110.69178578 15.49 269.099099  41.433619 14.400 -100.00 -100.00 -100.00
 147   218.670 56110.69178637 14.99 269.100842  41.431327 13.639 -100.00 -100.00 -100.00
 148   219.842 56120.60742582 25.58 269.099161  41.433319 14.279 -100.00 -100.00 -100.00
 148   220.172 56120.60742641 20.45 269.100905  41.431027  9.367 -100.00 -100.00 -100.00
 149   177.406 56130.52306221 15.55 269.099630  41.432831 20.566 -100.00 -100.00 -100.00
 149   225.297 56130.52306280  6.18 269.101374  41.430539  3.195 -100.00 -100.00 -100.00
 150   221.817 56140.43869590 24.62 269.100474  41.433014 15.072 -100.00 -100.00 -100.00
 150   217.353 56140.43869650 25.83 269.102218  41.430722 13.290 -100.00 -100.00 -100.00
 151   177.619 56150.35434660 18.58 269.098314  41.432654   -100 -100.00 -100.00 -100.00
 151   217.794 56150.35434719 20.10 269.100058  41.430362 16.743 -100.00 -100.00 -100.00
 152   218.371 56160.26999508 25.60 269.097799  41.434064 14.274 -100.00 -100.00 -100.00
 152   219.532 56160.26999567 21.70 269.099543  41.431772 11.912 -100.00 -100.00 -100.00
 153   197.064 56170.18564263 16.30 269.099621  41.432995 18.425 -100.00 -100.00 -100.00
 153   196.427 56170.18564322 15.50 269.101365  41.430703 18.536 -100.00 -100.00 -100.00
 154   220.355 56180.10128581 24.85 269.098746  41.433619 12.165 -100.00 -100.00 -100.00
 154   217.624 56180.10128640 20.62 269.100490  41.431327 19.719 -100.00 -100.00 -100.00
 155   209.178 56190.01692505 11.91 269.097421  41.433614 10.426 -100.00 -100.00 -100.00
 155   226.996 56190.01692564  7.77 269.099165  41.431322  5.213 -100.00 -100.00 -100.00
 156   201.857 56199.93256159 13.08 269.097286  41.433486 12.645 -100.00 -100.00 -100.00
 156   201.943 56199.93256218 11.63 269.099031  41.431194 10.561 -100.00 -100.00 -100.00
 157   176.402 56209.84819609 26.11 269.100726  41.433719   -100 -100.00 -100.00 -100.00
 157   176.486 56209.84819668 19.67 269.102471  41.431427 28.696 -100.00 -100.00 -100.00
 158   196.877 56219.76382845 17.33 269.104461  41.436694 18.750 -100.00 -100.00 -100.00
 158   225.856 56219.76382904 11.52 269.106205  41.434401  9.302 -100.00 -100.00 -100.00
 158   226.851 56219.76382963  9.22 269.107949  41.432109  6.531 -100.00 -100.00 -100.00
 158   228.101 56219.76383022  6.83 269.109693  41.429817  4.273 -100.00 -100.00 -100.00
 159   201.719 56229.67947783 11.77 269.105847  41.435651 10.662 -100.00 -100.00 -100.00
 159   226.046 56229.67947842 11.17 269.107590  41.433358 10.393 -100.00 -100.00 -100.00
 159   227.209 56229.67947901  8.43 269.109334  41.431066  7.881 -100.00 -100.00 -100.00
 160   177.352 56239.59513151 26.66 269.103554  41.434786   -100 -100.00 -100.00 -100.00
 160   196.065 56239.59513210 15.76 269.105298  41.432494 15.228 -100.00 -100.00 -100.00
 160   177.015 56239.59513269 16.25 269.107042  41.430202 13.221 -100.00 -100.00 -100.00
 161   222.547 56249.51078118 30.02 269.100596  41.433845 29.208 -100.00 -100.00 -100.00
 161   220.906 56249.51078177 16.12 269.102340  41.431553  5.277 -100.00 -100.00 -100.00
 162   214.218 56259.42642578 18.48 269.098418  41.433984 13.869 -100.00 -100.00 -100.00
 162   196.584 56259.42642637 19.41 269.100162  41.431692 23.256 -100.00 -100.00 -100.00
 163   177.805 56269.34206796 18.66 269.099561  41.433111 21.242 -100.00 -100.00 -100.00
 163   201.609 56269.34206855 12.85 269.101305  41.430818  9.666 -100.00 -100.00 -100.00
 164   222.579 56279.25770788 28.82 269.100223  41.434225 21.181 -100.00 -100.00 -100.00
 164   175.402 56279.25770847 18.06 269.101967  41.431933 14.222 -100.00 -100.00 -100.00
 165   214.238 56289.17335789 13.89 269.098500  41.434346  8.831 -100.00 -100.00 -100.00
 165   197.090 56289.17335848 17.46 269.100243  41.432053 16.600 -100.00 -100.00 -100.00
 166   216.226 56299.08900613 20.43 269.096233  41.433349 11.511 -100.00 -100.00 -100.00
 166   214.864 56299.08900672 22.67 269.097977  41.431057 12.305 -100.00 -100.00 -100.00
 167   212.767 56309.00465063 17.34 269.094355  41.431637 10.672 -100.00 -100.00 -100.00
 167   212.959 56309.00465122 23.75 269.096099  41.429345 15.229 -100.00 -100.00 -100.00
 168   217.104 56318.92029236 17.47 269.092110  41.432466 10.164 -100.00 -100.00 -100.00
 168   213.932 56318.92029295 18.26 269.093854  41.430174 12.388 -100.00 -100.00 -100.00
 169   215.407 56328.83593364 15.35 269.093276  41.432865  8.897 -100.00 -100.00 -100.00
 169   213.392 56328.83593423 18.41 269.095020  41.430573 11.763 -100.00 -100.00 -100.00
 170   217.728 56338.75157448  8.92 269.097284  41.432913  4.640 -100.00 -100.00 -100.00
 170   225.804 56338.75157507  8.17 269.099028  41.430621  4.363 -100.00 -100.00 -100.00
 171   225.102 56348.66721314  8.92 269.101005  41.433954  5.681 -100.00 -100.00 -100.00
 171   225.995 56348.66721373  8.32 269.102749  41.431662  5.089 -100.00 -100.00 -100.00
 172   218.597 56358.58284857 16.39 269.102197  41.435253 11.587 -100.00 -100.00 -100.00
 172   213.279 56358.58284916 15.45 269.103940  41.432961 12.640 -100.00 -100.00 -100.00
 172   211.457 56358.58284975 28.77 269.105684  41.430669   -100 -100.00 -100.00 -100.00
 173   217.350 56368.49849908 11.08 269.096975  41.434216  6.639 -100.00 -100.00 -100.00
 173   214.812 56368.49849967  9.88 269.098719  41.431925  6.813 -100.00 -100.00 -100.00
 175   182.570 56388.32979227 28.18 269.092899  41.433504 12.167 -100.00 -100.00 -100.00
 175   182.457 56388.32979287 20.32 269.094643  41.431212   -100 -100.00 -100.00 -100.00
 175   220.275 56388.32979346 10.36 269.096386  41.428920  5.059 -100.00 -100.00 -100.00
 176   222.119 56398.24543580 21.09 269.096640  41.433556 17.983 -100.00 -100.00 -100.00
 176   221.981 56398.24543639 24.74 269.098384  41.431264 12.194 -100.00 -100.00 -100.00
 177   223.475 56408.16107681 21.49 269.100428  41.433852 14.028 -100.00 -100.00 -100.00
 177   222.756 56408.16107740 15.86 269.102171  41.431560  6.321 -100.00 -100.00 -100.00
 178   177.554 56418.07671345 23.81 269.102523  41.434472 20.816 -100.00 -100.00 -100.00
 178   214.472 56418.07671404 27.68 269.104267  41.432180 30.620 -100.00 -100.00 -100.00
 179   225.701 56427.99234521 28.85 269.103405  41.436012 12.901 -100.00 -100.00 -100.00
 179   219.376 56427.99234580 27.98 269.105149  41.433720 12.076 -100.00 -100.00 -100.00
 179   215.392 56427.99234639 33.81 269.106893  41.431428   -100 -100.00 -100.00 -100.00
 180   177.104 56437.90799920 20.08 269.099945  41.432934 22.388 -100.00 -100.00 -100.00
 180   174.034 56437.90799979 17.97 269.101688  41.430642 17.733 -100.00 -100.00 -100.00
 181   218.072 56447.82365011 13.74 269.096037  41.433806 12.395 -100.00 -100.00 -100.00
 181   222.435 56447.82365070  8.31 269.097781  41.431514  5.126 -100.00 -100.00 -100.00
 182   218.207 56457.73929988  9.40 269.097151  41.431919  6.523 -100.00 -100.00 -100.00
 182   219.985 56457.73930047 10.69 269.098895  41.429627  5.914 -100.00 -100.00 -100.00
 183   225.576 56467.65494552 10.36 269.095394  41.433664  4.577 -100.00 -100.00 -100.00
 183   226.858 56467.65494611  8.96 269.097138  41.431372  4.091 -100.00 -100.00 -100.00
 184   222.915 56477.57058783 24.15 269.095683  41.432290   -100 -100.00 -100.00 -100.00
 184   222.038 56477.57058842 24.63 269.097427  41.429998   -100 -100.00 -100.00 -100.00
 185   221.774 56487.48622577 20.45 269.094413  41.433178 26.993 -100.00 -100.00 -100.00
 185   182.480 56487.48622636 16.18 269.096157  41.430886 10.843 -100.00 -100.00 -100.00
 187   221.523 56507.31749565 25.04 269.099780  41.433208 14.254 -100.00 -100.00 -100.00
 187   218.327 56507.31749624 24.99 269.101524  41.430916 12.445 -100.00 -100.00 -100.00
 188   216.880 56517.23313199 28.19 269.104223  41.434674   -100 -100.00 -100.00 -100.00
 188   226.645 56517.23313258  6.45 269.105967  41.432382  4.814 -100.00 -100.00 -100.00
 188   227.582 56517.23313317  5.64 269.107711  41.430090  5.868 -100.00 -100.00 -100.00
 189   177.359 56527.14878581 28.08 269.102848  41.434904 30.067 -100.00 -100.00 -100.00
 189   166.024 56527.14878640 37.85 269.104592  41.432612 25.272 -100.00 -100.00 -100.00
 189   166.923 56527.14878699 35.08 269.106336  41.430320 16.663 -100.00 -100.00 -100.00
 190   176.938 56537.06443550 24.71 269.101035  41.434387   -100 -100.00 -100.00 -100.00
 190   174.079 56537.06443609 20.73 269.102780  41.432095 26.390 -100.00 -100.00 -100.00
 192   213.009 56556.89572479 10.54 269.095683  41.432649  6.685 -100.00 -100.00 -100.00
 192   209.651 56556.89572538 10.24 269.097428  41.430357  6.930 -100.00 -100.00 -100.00
 193   182.025 56566.81136729 20.55 269.095743  41.433664 32.335 -100.00 -100.00 -100.00
 193   209.624 56566.81136788 11.49 269.097487  41.431372  9.282 -100.00 -100.00 -100.00
 194   177.307 56576.72700900 21.33 269.099365  41.434173 27.741 -100.00 -100.00 -100.00
 194   195.854 56576.72700959 19.67 269.101109  41.431881 21.765 -100.00 -100.00 -100.00
 195   202.021 56586.64264735 12.18 269.103726  41.435190 10.944 -100.00 -100.00 -100.00
 195   177.066 56586.64264794 24.27 269.105470  41.432898  0.362 -100.00 -100.00 -100.00
 195   176.811 56586.64264853 19.87 269.107214  41.430605   -100 -100.00 -100.00 -100.00
 196   224.499 56596.55828681 13.95 269.104725  41.436648 10.138 -100.00 -100.00 -100.00
 196   226.224 56596.55828740 11.06 269.106469  41.434355  6.312 -100.00 -100.00 -100.00
 196   227.430 56596.55828799  9.62 269.108213  41.432063  4.944 -100.00 -100.00 -100.00
 196   228.380 56596.55828858  8.54 269.109956  41.429771  4.704 -100.00 -100.00 -100.00
 197   177.595 56606.47393933 20.57 269.101618  41.433634   -100 -100.00 -100.00 -100.00
 197   177.495 56606.47393992 14.99 269.103362  41.431342 12.608 -100.00 -100.00 -100.00
 198   218.083 56616.38958607 10.77 269.097405  41.434015  7.211 -100.00 -100.00 -100.00
 198   225.109 56616.38958666  8.92 269.099149  41.431723  6.169 -100.00 -100.00 -100.00
 199   214.496 56626.30522998 24.90 269.098085  41.432390 13.451 -100.00 -100.00 -100.00
 199   213.165 56626.30523057 26.13 269.099829  41.430098 16.618 -100.00 -100.00 -100.00
 201   217.001 56646.13651037 24.56 269.100899  41.434163 17.823 -100.00 -100.00 -100.00
 201   215.179 56646.13651096 22.24 269.102643  41.431871 20.367 -100.00 -100.00 -100.00
 202   224.190 56656.05216248  7.23 269.098081  41.432997  4.747 -100.00 -100.00 -100.00
 202   226.705 56656.05216307  5.72 269.099825  41.430705  3.668 -100.00 -100.00 -100.00
 203   216.540 56665.96780991  8.78 269.094073  41.433516  6.102 -100.00 -100.00 -100.00
 203   225.926 56665.96781050  7.06 269.095818  41.431224  3.921 -100.00 -100.00 -100.00
 205   216.361 56685.79910000  9.81 269.093523  41.433126  7.415 -100.00 -100.00 -100.00
 205   226.333 56685.79910059  7.20 269.095267  41.430834  3.430 -100.00 -100.00 -100.00
 206   214.070 56695.71474287 11.13 269.096226  41.433503  8.906 -100.00 -100.00 -100.00
 206   226.266 56695.71474346  7.35 269.097970  41.431211  4.329 -100.00 -100.00 -100.00
 207   227.317 56705.63038142  7.42 269.100366  41.433477  2.807 -100.00 -100.00 -100.00
 207   228.642 56705.63038201  7.66 269.102110  41.431185  3.223 -100.00 -100.00 -100.00
 208   212.649 56715.54601426 20.64 269.103336  41.433931 20.312 -100.00 -100.00 -100.00
 208   226.464 56715.54601485  9.55 269.105080  41.431639  6.594 -100.00 -100.00 -100.00
 209   241.476 56725.46166758 18.86 269.098386  41.432462 10.893 -100.00 -100.00 -100.00
 209   239.933 56725.46166817 24.70 269.100130  41.430170 24.907 -100.00 -100.00 -100.00
 211   219.926 56745.29296321 30.17 269.094630  41.431922 28.944 -100.00 -100.00 -100.00
 211   221.735 56745.29296380 30.18 269.096374  41.429630 19.617 -100.00 -100.00 -100.00
 212   218.951 56755.20860508 24.89 269.097681  41.433057 25.403 -100.00 -100.00 -100.00
 212   216.806 56755.20860567 27.18 269.099425  41.430765 17.288 -100.00 -100.00 -100.00
 213   216.637 56765.12424145 13.39 269.102273  41.434142  5.931 -100.00 -100.00 -100.00
 213   166.396 56765.12424204 34.36 269.104016  41.431850 20.356 -100.00 -100.00 -100.00
 214   224.867 56775.03987902 15.01 269.102925  41.435695  6.473 -100.00 -100.00 -100.00
 214   226.781 56775.03987961 11.63 269.104668  41.433403  4.744 -100.00 -100.00 -100.00
 214   227.593 56775.03988020 10.68 269.106412  41.431111  3.738 -100.00 -100.00 -100.00
 216   182.592 56794.87118889 19.80 269.094200  41.431729 24.552 -100.00 -100.00 -100.00
 216   170.280 56794.87118948 21.03 269.095943  41.429437 19.814 -100.00 -100.00 -100.00
 217   182.561 56804.78683842 18.55 269.092073  41.430998 23.711 -100.00 -100.00 -100.00
 217   226.033 56804.78683901  9.74 269.093816  41.428706  6.818 -100.00 -100.00 -100.00
 219   222.378 56824.61811997 19.36 269.093720  41.433029 23.129 -100.00 -100.00 -100.00
 219   182.438 56824.61812056 18.05 269.095464  41.430737  9.903 -100.00 -100.00 -100.00
 220   240.948 56834.53375550  7.34 269.096165  41.432702  7.448 -100.00 -100.00 -100.00
 220   241.526 56834.53375609  4.25 269.097909  41.430410  2.856 -100.00 -100.00 -100.00
 221   225.124 56844.44938749 21.15 269.099301  41.432883 18.976 -100.00 -100.00 -100.00
 221   223.283 56844.44938808 25.20 269.101045  41.430591 13.456 -100.00 -100.00 -100.00
 222   224.681 56854.36503174 24.13 269.099424  41.432720 12.773 -100.00 -100.00 -100.00
 222   218.885 56854.36503233 17.86 269.101167  41.430428 23.047 -100.00 -100.00 -100.00
 223   218.043 56864.28068499  8.83 269.097397  41.432770  7.159 -100.00 -100.00 -100.00
 223   225.762 56864.28068558  6.51 269.099141  41.430478  4.770 -100.00 -100.00 -100.00
 224   226.069 56874.19633769  9.62 269.096355  41.432374  7.406 -100.00 -100.00 -100.00
 224   227.194 56874.19633828 10.34 269.098099  41.430082  6.149 -100.00 -100.00 -100.00
 225   221.909 56884.11198696 27.53 269.094730  41.433082   -100 -100.00 -100.00 -100.00
 225   217.707 56884.11198755 17.11 269.096474  41.430789 12.404 -100.00 -100.00 -100.00
 226   182.594 56894.02763368 16.81 269.095026  41.431353 22.355 -100.00 -100.00 -100.00
 226   209.134 56894.02763427 12.08 269.096770  41.429061  8.828 -100.00 -100.00 -100.00
 227   182.284 56903.94327684 19.93 269.093814  41.431329   -100 -100.00 -100.00 -100.00
 227   192.347 56903.94327743 13.55 269.095558  41.429037 11.285 -100.00 -100.00 -100.00
 228   182.388 56913.85891818 21.77 269.093320  41.431638   -100 -100.00 -100.00 -100.00
 228   217.652 56913.85891877 14.91 269.095064  41.429346  9.076 -100.00 -100.00 -100.00
 229   221.859 56923.77455775 16.38 269.094138  41.433706 14.222 -100.00 -100.00 -100.00
 229   196.855 56923.77455834 14.20 269.095882  41.431414 10.795 -100.00 -100.00 -100.00
 231   196.585 56943.60582782 19.95 269.103114  41.435449 28.365 -100.00 -100.00 -100.00
 231   177.317 56943.60582841 22.43 269.104858  41.433157   -100 -100.00 -100.00 -100.00
 231   177.040 56943.60582900 15.74 269.106602  41.430865 15.885 -100.00 -100.00 -100.00
 232   177.307 56953.52147467 22.95 269.102207  41.435309 29.699 -100.00 -100.00 -100.00
 232   214.983 56953.52147526 12.15 269.103951  41.433017  5.260 -100.00 -100.00 -100.00
 232   214.434 56953.52147585 19.33 269.105695  41.430725  9.317 -100.00 -100.00 -100.00
 233   176.683 56963.43712524 21.24 269.099381  41.433224   -100 -100.00 -100.00 -100.00
 233   209.363 56963.43712583 11.54 269.101125  41.430932  7.435 -100.00 -100.00 -100.00
 234   182.113 56973.35277069 17.77 269.097532  41.432390 21.099 -100.00 -100.00 -100.00
 234   201.785 56973.35277128 12.46 269.099275  41.430097 10.340 -100.00 -100.00 -100.00
 235   210.477 56983.26841138 23.16 269.097092  41.433965 10.234 -100.00 -100.00 -100.00
 235   210.214 56983.26841197 21.95 269.098836  41.431673 11.716 -100.00 -100.00 -100.00
 236   212.687 56993.18404819 22.55 269.101215  41.432782 22.956 -100.00 -100.00 -100.00
 236   214.369 56993.18404878 20.78 269.102958  41.430490 11.791 -100.00 -100.00 -100.00
 237   216.655 57003.09968371 26.25 269.101908  41.435482 19.180 -100.00 -100.00 -100.00
 237   217.677 57003.09968430 24.07 269.103652  41.433190 14.852 -100.00 -100.00 -100.00
 237   213.542 57003.09968489 31.40 269.105396  41.430898  3.475 -100.00 -100.00 -100.00
 238   214.624 57013.01534027 11.42 269.098231  41.433222  6.732 -100.00 -100.00 -100.00
 238   213.647 57013.01534086  9.11 269.099975  41.430930  5.277 -100.00 -100.00 -100.00
 239   215.415 57022.93099140 22.11 269.095535  41.432248 18.390 -100.00 -100.00 -100.00
 239   216.563 57022.93099199 18.72 269.097280  41.429956 13.811 -100.00 -100.00 -100.00
 240   221.524 57032.84664015  8.13 269.095119  41.432271  5.014 -100.00 -100.00 -100.00
 240   222.734 57032.84664074  8.04 269.096863  41.429979  5.569 -100.00 -100.00 -100.00
 241   214.470 57042.76228711 18.16 269.096843  41.431800 17.059 -100.00 -100.00 -100.00
 241   213.546 57042.76228770 19.75 269.098586  41.429508 16.051 -100.00 -100.00 -100.00
 243   217.201 57062.59357147 14.96 269.098032  41.433509 14.421 -100.00 -100.00 -100.00
 243   227.188 57062.59357206  5.82 269.099776  41.431217  2.989 -100.00 -100.00 -100.00
 244   214.635 57072.50920610 17.60 269.098799  41.434621  9.968 -100.00 -100.00 -100.00
 244   213.302 57072.50920669 18.84 269.100543  41.432329 11.710 -100.00 -100.00 -100.00
 245   224.319 57082.42483680  8.37 269.101504  41.435628  4.827 -100.00 -100.00 -100.00
 245   225.529 57082.42483740  8.38 269.103248  41.433336  5.761 -100.00 -100.00 -100.00
 245   226.605 57082.42483799  8.38 269.104992  41.431044  4.886 -100.00 -100.00 -100.00
 246   207.910 57092.34048368 19.08 269.103118  41.433533 12.547 -100.00 -100.00 -100.00
 246   209.741 57092.34048427 26.19 269.104862  41.431242 17.103 -100.00 -100.00 -100.00
 247   177.404 57102.25614045 16.78 269.100506  41.433673 16.291 -100.00 -100.00 -100.00
 247   218.943 57102.25614104 13.06 269.102249  41.431381  6.117 -100.00 -100.00 -100.00
 248   177.465 57112.17179358 23.03 269.098651  41.434339   -100 -100.00 -100.00 -100.00
 248   182.007 57112.17179417 17.03 269.100394  41.432047 13.570 -100.00 -100.00 -100.00
 249   202.339 57122.08744116 14.28 269.098284  41.433755  9.646 -100.00 -100.00 -100.00
 249   189.263 57122.08744175 17.75 269.100027  41.431463 19.348 -100.00 -100.00 -100.00
 250   218.154 57132.00308324 25.33 269.097621  41.433023 20.500 -100.00 -100.00 -100.00
 250   222.102 57132.00308383 20.86 269.099365  41.430731 11.871 -100.00 -100.00 -100.00
